 kgrid  ValNew  Policy 
     0.85   -11.489      0.85
  0.85015   -11.469      0.85
   0.8503  -11.4491      0.85
  0.85045  -11.4292      0.85
   0.8506  -11.4094      0.85
  0.85075  -11.3896      0.85
   0.8509  -11.3698      0.85
 0.851051  -11.3501      0.85
 0.851201  -11.3305      0.85
 0.851351  -11.3109      0.85
 0.851501  -11.2913      0.85
 0.851651  -11.2717      0.85
 0.851801  -11.2523      0.85
 0.851951  -11.2328      0.85
 0.852101  -11.2134      0.85
 0.852251   -11.194      0.85
 0.852401  -11.1747      0.85
 0.852551  -11.1554      0.85
 0.852701  -11.1362      0.85
 0.852851   -11.117      0.85
 0.853002  -11.0979      0.85
 0.853152  -11.0787      0.85
 0.853302  -11.0597      0.85
 0.853452  -11.0406      0.85
 0.853602  -11.0217      0.85
 0.853752  -11.0027      0.85
 0.853902  -10.9838      0.85
 0.854052  -10.9649      0.85
 0.854202  -10.9461      0.85
 0.854352  -10.9273      0.85
 0.854502  -10.9086      0.85
 0.854652  -10.8899      0.85
 0.854802  -10.8712      0.85
 0.854952  -10.8526      0.85
 0.855103   -10.834      0.85
 0.855253  -10.8155      0.85
 0.855403   -10.797      0.85
 0.855553  -10.7785      0.85
 0.855703  -10.7601      0.85
 0.855853  -10.7417      0.85
 0.856003  -10.7233      0.85
 0.856153   -10.705      0.85
 0.856303  -10.6868      0.85
 0.856453  -10.6685      0.85
 0.856603  -10.6504      0.85
 0.856753  -10.6322      0.85
 0.856903  -10.6141      0.85
 0.857054   -10.596      0.85
 0.857204   -10.578      0.85
 0.857354    -10.56      0.85
 0.857504   -10.542      0.85
 0.857654  -10.5241      0.85
 0.857804  -10.5062      0.85
 0.857954  -10.4884      0.85
 0.858104  -10.4706      0.85
 0.858254  -10.4528      0.85
 0.858404  -10.4351      0.85
 0.858554  -10.4174      0.85
 0.858704  -10.3998      0.85
 0.858854  -10.3822      0.85
 0.859005  -10.3646      0.85
 0.859155   -10.347      0.85
 0.859305  -10.3295      0.85
 0.859455  -10.3121      0.85
 0.859605  -10.2947      0.85
 0.859755  -10.2773      0.85
 0.859905  -10.2599      0.85
 0.860055  -10.2426      0.85
 0.860205  -10.2253      0.85
 0.860355  -10.2081      0.85
 0.860505  -10.1909      0.85
 0.860655  -10.1737      0.85
 0.860805  -10.1566      0.85
 0.860955  -10.1395      0.85
 0.861106  -10.1224      0.85
 0.861256  -10.1054      0.85
 0.861406  -10.0884      0.85
 0.861556  -10.0714      0.85
 0.861706  -10.0545      0.85
 0.861856  -10.0376      0.85
 0.862006  -10.0208      0.85
 0.862156   -10.004      0.85
 0.862306  -9.98721      0.85
 0.862456  -9.97047      0.85
 0.862606  -9.95376      0.85
 0.862756  -9.93709      0.85
 0.862906  -9.92046      0.85
 0.863057  -9.90386      0.85
 0.863207   -9.8873      0.85
 0.863357  -9.87077      0.85
 0.863507  -9.85427      0.85
 0.863657  -9.83782      0.85
 0.863807  -9.82139      0.85
 0.863957    -9.805      0.85
 0.864107  -9.78864      0.85
 0.864257  -9.77232      0.85
 0.864407  -9.75603      0.85
 0.864557  -9.73978      0.85
 0.864707  -9.72356      0.85
 0.864857  -9.70738      0.85
 0.865008  -9.69122      0.85
 0.865158  -9.67511      0.85
 0.865308  -9.65902      0.85
 0.865458  -9.64297      0.85
 0.865608  -9.62695      0.85
 0.865758  -9.61097      0.85
 0.865908  -9.59502      0.85
 0.866058   -9.5791      0.85
 0.866208  -9.56322      0.85
 0.866358  -9.54737      0.85
 0.866508  -9.53155      0.85
 0.866658  -9.51577      0.85
 0.866808  -9.50001      0.85
 0.866958   -9.4843      0.85
 0.867109  -9.46861      0.85
 0.867259  -9.45296      0.85
 0.867409  -9.43733      0.85
 0.867559  -9.42175      0.85
 0.867709  -9.40619      0.85
 0.867859  -9.39067      0.85
 0.868009  -9.37517      0.85
 0.868159  -9.35971      0.85
 0.868309  -9.34429      0.85
 0.868459  -9.32889      0.85
 0.868609  -9.31353      0.85
 0.868759   -9.2982      0.85
 0.868909   -9.2829      0.85
  0.86906  -9.26763      0.85
  0.86921  -9.25239      0.85
  0.86936  -9.23718      0.85
  0.86951  -9.22201      0.85
  0.86966  -9.20687      0.85
  0.86981  -9.19176      0.85
  0.86996  -9.17668      0.85
  0.87011  -9.16163      0.85
  0.87026  -9.14661      0.85
  0.87041  -9.13162      0.85
  0.87056  -9.11667      0.85
  0.87071  -9.10174      0.85
  0.87086  -9.08685      0.85
 0.871011  -9.07198      0.85
 0.871161  -9.05715      0.85
 0.871311  -9.04234      0.85
 0.871461  -9.02757      0.85
 0.871611  -9.01283      0.85
 0.871761  -8.99812      0.85
 0.871911  -8.98344      0.85
 0.872061  -8.96878      0.85
 0.872211  -8.95416      0.85
 0.872361  -8.93957      0.85
 0.872511  -8.92501      0.85
 0.872661  -8.91048      0.85
 0.872811  -8.89598      0.85
 0.872961   -8.8815      0.85
 0.873112  -8.86706      0.85
 0.873262  -8.85265      0.85
 0.873412  -8.83826      0.85
 0.873562  -8.82391      0.85
 0.873712  -8.80958      0.85
 0.873862  -8.79529      0.85
 0.874012  -8.78102      0.85
 0.874162  -8.76678      0.85
 0.874312  -8.75257      0.85
 0.874462  -8.73839      0.85
 0.874612  -8.72424      0.85
 0.874762  -8.71012      0.85
 0.874912  -8.69603      0.85
 0.875063  -8.68196      0.85
 0.875213  -8.66793      0.85
 0.875363  -8.65392      0.85
 0.875513  -8.63994      0.85
 0.875663  -8.62599      0.85
 0.875813  -8.61207      0.85
 0.875963  -8.59817      0.85
 0.876113  -8.58431      0.85
 0.876263  -8.57047      0.85
 0.876413  -8.55666      0.85
 0.876563  -8.54288      0.85
 0.876713  -8.52913      0.85
 0.876863   -8.5154      0.85
 0.877014   -8.5017      0.85
 0.877164  -8.48803      0.85
 0.877314  -8.47439      0.85
 0.877464  -8.46077      0.85
 0.877614  -8.44718      0.85
 0.877764  -8.43362      0.85
 0.877914  -8.42009      0.85
 0.878064  -8.40659      0.85
 0.878214  -8.39311      0.85
 0.878364  -8.37966      0.85
 0.878514  -8.36623      0.85
 0.878664  -8.35284      0.85
 0.878814  -8.33947      0.85
 0.878964  -8.32612      0.85
 0.879115  -8.31281      0.85
 0.879265  -8.29952      0.85
 0.879415  -8.28625      0.85
 0.879565  -8.27302      0.85
 0.879715  -8.25981      0.85
 0.879865  -8.24662      0.85
 0.880015  -8.23347      0.85
 0.880165  -8.22034      0.85
 0.880315  -8.20723      0.85
 0.880465  -8.19416      0.85
 0.880615   -8.1811      0.85
 0.880765  -8.16808      0.85
 0.880915  -8.15508      0.85
 0.881066  -8.14211      0.85
 0.881216  -8.12916      0.85
 0.881366  -8.11624      0.85
 0.881516  -8.10334      0.85
 0.881666  -8.09047      0.85
 0.881816  -8.07763      0.85
 0.881966  -8.06481      0.85
 0.882116  -8.05202      0.85
 0.882266  -8.03925      0.85
 0.882416  -8.02651      0.85
 0.882566  -8.01379      0.85
 0.882716   -8.0011      0.85
 0.882866  -7.98843      0.85
 0.883017  -7.97579      0.85
 0.883167  -7.96318      0.85
 0.883317  -7.95059      0.85
 0.883467  -7.93802      0.85
 0.883617  -7.92548      0.85
 0.883767  -7.91297      0.85
 0.883917  -7.90048      0.85
 0.884067  -7.88801      0.85
 0.884217  -7.87557      0.85
 0.884367  -7.86315      0.85
 0.884517  -7.85076      0.85
 0.884667  -7.83839      0.85
 0.884817  -7.82605      0.85
 0.884967  -7.81373      0.85
 0.885118  -7.80144      0.85
 0.885268  -7.78917      0.85
 0.885418  -7.77692      0.85
 0.885568   -7.7647      0.85
 0.885718   -7.7525      0.85
 0.885868  -7.74033      0.85
 0.886018  -7.72818      0.85
 0.886168  -7.71606      0.85
 0.886318  -7.70396      0.85
 0.886468  -7.69188      0.85
 0.886618  -7.67983      0.85
 0.886768   -7.6678      0.85
 0.886918  -7.65579      0.85
 0.887069  -7.64381      0.85
 0.887219  -7.63185      0.85
 0.887369  -7.61991      0.85
 0.887519    -7.608      0.85
 0.887669  -7.59612      0.85
 0.887819  -7.58425      0.85
 0.887969  -7.57241      0.85
 0.888119  -7.56059      0.85
 0.888269   -7.5488      0.85
 0.888419  -7.53702      0.85
 0.888569  -7.52527      0.85
 0.888719  -7.51355      0.85
 0.888869  -7.50185      0.85
  0.88902  -7.49017      0.85
  0.88917  -7.47851      0.85
  0.88932  -7.46687      0.85
  0.88947  -7.45526      0.85
  0.88962  -7.44367      0.85
  0.88977  -7.43211      0.85
  0.88992  -7.42056      0.85
  0.89007  -7.40904      0.85
  0.89022  -7.39754      0.85
  0.89037  -7.38607      0.85
  0.89052  -7.37461      0.85
  0.89067  -7.36318      0.85
  0.89082  -7.35177      0.85
  0.89097  -7.34039      0.85
 0.891121  -7.32902      0.85
 0.891271  -7.31768      0.85
 0.891421  -7.30636      0.85
 0.891571  -7.29506      0.85
 0.891721  -7.28378      0.85
 0.891871  -7.27253      0.85
 0.892021   -7.2613      0.85
 0.892171  -7.25009      0.85
 0.892321   -7.2389      0.85
 0.892471  -7.22773      0.85
 0.892621  -7.21658      0.85
 0.892771  -7.20546      0.85
 0.892921  -7.19436      0.85
 0.893072  -7.18328      0.85
 0.893222  -7.17222      0.85
 0.893372  -7.16118      0.85
 0.893522  -7.15016      0.85
 0.893672  -7.13917      0.85
 0.893822  -7.12819      0.85
 0.893972  -7.11724      0.85
 0.894122  -7.10631      0.85
 0.894272   -7.0954      0.85
 0.894422  -7.08451      0.85
 0.894572  -7.07364      0.85
 0.894722  -7.06279      0.85
 0.894872  -7.05196      0.85
 0.895023  -7.04116      0.85
 0.895173  -7.03037      0.85
 0.895323  -7.01961      0.85
 0.895473  -7.00886      0.85
 0.895623  -6.99814      0.85
 0.895773  -6.98744      0.85
 0.895923  -6.97676      0.85
 0.896073   -6.9661      0.85
 0.896223  -6.95546      0.85
 0.896373  -6.94484      0.85
 0.896523  -6.93424      0.85
 0.896673  -6.92366      0.85
 0.896823   -6.9131      0.85
 0.896973  -6.90256      0.85
 0.897124  -6.89204      0.85
 0.897274  -6.88154      0.85
 0.897424  -6.87106      0.85
 0.897574   -6.8606      0.85
 0.897724  -6.85017      0.85
 0.897874  -6.83975      0.85
 0.898024  -6.82935      0.85
 0.898174  -6.81897      0.85
 0.898324  -6.80861      0.85
 0.898474  -6.79827      0.85
 0.898624  -6.78795      0.85
 0.898774  -6.77765      0.85
 0.898924  -6.76737      0.85
 0.899075  -6.75711      0.85
 0.899225  -6.74687      0.85
 0.899375  -6.73665      0.85
 0.899525  -6.72645      0.85
 0.899675  -6.71627      0.85
 0.899825   -6.7061      0.85
 0.899975  -6.69596      0.85
 0.900125  -6.68584      0.85
 0.900275  -6.67573      0.85
 0.900425  -6.66565      0.85
 0.900575  -6.65558      0.85
 0.900725  -6.64553      0.85
 0.900875   -6.6355      0.85
 0.901026  -6.62549      0.85
 0.901176   -6.6155      0.85
 0.901326  -6.60553      0.85
 0.901476  -6.59558      0.85
 0.901626  -6.58565      0.85
 0.901776  -6.57573      0.85
 0.901926  -6.56583      0.85
 0.902076  -6.55596      0.85
 0.902226   -6.5461      0.85
 0.902376  -6.53626      0.85
 0.902526  -6.52644      0.85
 0.902676  -6.51663      0.85
 0.902826  -6.50685      0.85
 0.902976  -6.49708      0.85
 0.903127  -6.48734      0.85
 0.903277  -6.47761      0.85
 0.903427   -6.4679      0.85
 0.903577   -6.4582      0.85
 0.903727  -6.44853      0.85
 0.903877  -6.43887      0.85
 0.904027  -6.42924      0.85
 0.904177  -6.41962      0.85
 0.904327  -6.41001      0.85
 0.904477  -6.40043      0.85
 0.904627  -6.39087      0.85
 0.904777  -6.38132      0.85
 0.904927  -6.37179      0.85
 0.905078  -6.36228      0.85
 0.905228  -6.35278      0.85
 0.905378  -6.34331      0.85
 0.905528  -6.33385      0.85
 0.905678  -6.32441      0.85
 0.905828  -6.31499      0.85
 0.905978  -6.30558      0.85
 0.906128  -6.29619      0.85
 0.906278  -6.28682      0.85
 0.906428  -6.27747      0.85
 0.906578  -6.26814      0.85
 0.906728  -6.25882      0.85
 0.906878  -6.24952      0.85
 0.907029  -6.24024      0.85
 0.907179  -6.23097      0.85
 0.907329  -6.22172      0.85
 0.907479  -6.21249      0.85
 0.907629  -6.20328      0.85
 0.907779  -6.19408      0.85
 0.907929   -6.1849      0.85
 0.908079  -6.17574      0.85
 0.908229   -6.1666      0.85
 0.908379  -6.15747      0.85
 0.908529  -6.14836      0.85
 0.908679  -6.13926      0.85
 0.908829  -6.13019      0.85
 0.908979  -6.12113      0.85
  0.90913  -6.11208      0.85
  0.90928  -6.10306      0.85
  0.90943  -6.09405      0.85
  0.90958  -6.08505      0.85
  0.90973  -6.07608      0.85
  0.90988  -6.06712      0.85
  0.91003  -6.05817      0.85
  0.91018  -6.04925      0.85
  0.91033  -6.04034      0.85
  0.91048  -6.03144      0.85
  0.91063  -6.02257      0.85
  0.91078  -6.01371      0.85
  0.91093  -6.00486      0.85
 0.911081  -5.99603      0.85
 0.911231  -5.98722      0.85
 0.911381  -5.97843      0.85
 0.911531  -5.96965      0.85
 0.911681  -5.96088      0.85
 0.911831  -5.95214      0.85
 0.911981  -5.94341      0.85
 0.912131  -5.93469      0.85
 0.912281  -5.92599      0.85
 0.912431  -5.91731      0.85
 0.912581  -5.90865      0.85
 0.912731      -5.9      0.85
 0.912881  -5.89136      0.85
 0.913032  -5.88274      0.85
 0.913182  -5.87414      0.85
 0.913332  -5.86555      0.85
 0.913482  -5.85698      0.85
 0.913632  -5.84843      0.85
 0.913782  -5.83989      0.85
 0.913932  -5.83136      0.85
 0.914082  -5.82286      0.85
 0.914232  -5.81436      0.85
 0.914382  -5.80589      0.85
 0.914532  -5.79742      0.85
 0.914682  -5.78898      0.85
 0.914832  -5.78055      0.85
 0.914982  -5.77213      0.85
 0.915133  -5.76373      0.85
 0.915283  -5.75535      0.85
 0.915433  -5.74698      0.85
 0.915583  -5.73863      0.85
 0.915733  -5.73029      0.85
 0.915883  -5.72197      0.85
 0.916033  -5.71366      0.85
 0.916183  -5.70536      0.85
 0.916333  -5.69709      0.85
 0.916483  -5.68882      0.85
 0.916633  -5.68058      0.85
 0.916783  -5.67234      0.85
 0.916933  -5.66413      0.85
 0.917084  -5.65593      0.85
 0.917234  -5.64774      0.85
 0.917384  -5.63957      0.85
 0.917534  -5.63141      0.85
 0.917684  -5.62326      0.85
 0.917834  -5.61514      0.85
 0.917984  -5.60702      0.85
 0.918134  -5.59892      0.85
 0.918284  -5.59084      0.85
 0.918434  -5.58277      0.85
 0.918584  -5.57472      0.85
 0.918734  -5.56668      0.85
 0.918884  -5.55865      0.85
 0.919035  -5.55064      0.85
 0.919185  -5.54265      0.85
 0.919335  -5.53466      0.85
 0.919485   -5.5267      0.85
 0.919635  -5.51874      0.85
 0.919785   -5.5108      0.85
 0.919935  -5.50288      0.85
 0.920085  -5.49497      0.85
 0.920235  -5.48708      0.85
 0.920385  -5.47919      0.85
 0.920535  -5.47133      0.85
 0.920685  -5.46347      0.85
 0.920835  -5.45564      0.85
 0.920985  -5.44781      0.85
 0.921136     -5.44      0.85
 0.921286  -5.43221      0.85
 0.921436  -5.42442      0.85
 0.921586  -5.41665      0.85
 0.921736   -5.4089      0.85
 0.921886  -5.40116      0.85
 0.922036  -5.39343      0.85
 0.922186  -5.38572      0.85
 0.922336  -5.37802      0.85
 0.922486  -5.37034      0.85
 0.922636  -5.36267      0.85
 0.922786  -5.35501      0.85
 0.922936  -5.34737      0.85
 0.923087  -5.33974      0.85
 0.923237  -5.33212      0.85
 0.923387  -5.32452      0.85
 0.923537  -5.31693      0.85
 0.923687  -5.30936      0.85
 0.923837  -5.30179      0.85
 0.923987  -5.29425      0.85
 0.924137  -5.28671      0.85
 0.924287  -5.27919      0.85
 0.924437  -5.27168      0.85
 0.924587  -5.26419      0.85
 0.924737  -5.25671      0.85
 0.924887  -5.24924      0.85
 0.925038  -5.24179      0.85
 0.925188  -5.23435      0.85
 0.925338  -5.22692      0.85
 0.925488  -5.21951      0.85
 0.925638  -5.21211      0.85
 0.925788  -5.20472      0.85
 0.925938  -5.19734      0.85
 0.926088  -5.18998      0.85
 0.926238  -5.18263      0.85
 0.926388   -5.1753      0.85
 0.926538  -5.16798      0.85
 0.926688  -5.16067      0.85
 0.926838  -5.15337      0.85
 0.926988  -5.14609      0.85
 0.927139  -5.13882      0.85
 0.927289  -5.13156      0.85
 0.927439  -5.12432      0.85
 0.927589  -5.11709      0.85
 0.927739  -5.10987      0.85
 0.927889  -5.10266      0.85
 0.928039  -5.09547      0.85
 0.928189  -5.08829      0.85
 0.928339  -5.08112      0.85
 0.928489  -5.07397      0.85
 0.928639  -5.06682      0.85
 0.928789  -5.05969      0.85
 0.928939  -5.05258      0.85
  0.92909  -5.04547      0.85
  0.92924  -5.03838      0.85
  0.92939   -5.0313      0.85
  0.92954  -5.02424      0.85
  0.92969  -5.01718      0.85
  0.92984  -5.01014      0.85
  0.92999  -5.00311      0.85
  0.93014  -4.99609      0.85
  0.93029  -4.98909      0.85
  0.93044   -4.9821      0.85
  0.93059  -4.97512      0.85
  0.93074  -4.96815      0.85
  0.93089  -4.96119      0.85
 0.931041  -4.95425      0.85
 0.931191  -4.94732      0.85
 0.931341   -4.9404      0.85
 0.931491  -4.93349      0.85
 0.931641   -4.9266      0.85
 0.931791  -4.91972      0.85
 0.931941  -4.91285      0.85
 0.932091  -4.90599      0.85
 0.932241  -4.89914      0.85
 0.932391  -4.89231      0.85
 0.932541  -4.88549      0.85
 0.932691  -4.87868      0.85
 0.932841  -4.87188      0.85
 0.932991  -4.86509      0.85
 0.933142  -4.85832      0.85
 0.933292  -4.85156      0.85
 0.933442  -4.84481      0.85
 0.933592  -4.83807      0.85
 0.933742  -4.83134      0.85
 0.933892  -4.82463      0.85
 0.934042  -4.81792      0.85
 0.934192  -4.81123      0.85
 0.934342  -4.80455      0.85
 0.934492  -4.79788      0.85
 0.934642  -4.79123      0.85
 0.934792  -4.78458      0.85
 0.934942  -4.77795      0.85
 0.935093  -4.77132      0.85
 0.935243  -4.76471      0.85
 0.935393  -4.75812      0.85
 0.935543  -4.75153      0.85
 0.935693  -4.74495      0.85
 0.935843  -4.73839      0.85
 0.935993  -4.73183      0.85
 0.936143  -4.72529      0.85
 0.936293  -4.71876      0.85
 0.936443  -4.71224      0.85
 0.936593  -4.70574      0.85
 0.936743  -4.69924      0.85
 0.936893  -4.69275      0.85
 0.937044  -4.68628      0.85
 0.937194  -4.67982      0.85
 0.937344  -4.67337      0.85
 0.937494  -4.66693      0.85
 0.937644   -4.6605      0.85
 0.937794  -4.65408      0.85
 0.937944  -4.64767      0.85
 0.938094  -4.64128      0.85
 0.938244  -4.63489      0.85
 0.938394  -4.62852      0.85
 0.938544  -4.62216      0.85
 0.938694  -4.61581      0.85
 0.938844  -4.60947      0.85
 0.938994  -4.60314      0.85
 0.939145  -4.59682      0.85
 0.939295  -4.59051      0.85
 0.939445  -4.58421      0.85
 0.939595  -4.57793      0.85
 0.939745  -4.57165      0.85
 0.939895  -4.56539      0.85
 0.940045  -4.55913      0.85
 0.940195  -4.55289      0.85
 0.940345  -4.54666      0.85
 0.940495  -4.54044      0.85
 0.940645  -4.53423      0.85
 0.940795  -4.52803      0.85
 0.940945  -4.52184      0.85
 0.941096  -4.51566      0.85
 0.941246  -4.50949      0.85
 0.941396  -4.50333      0.85
 0.941546  -4.49719      0.85
 0.941696  -4.49105      0.85
 0.941846  -4.48493      0.85
 0.941996  -4.47881      0.85
 0.942146  -4.47271      0.85
 0.942296  -4.46661      0.85
 0.942446  -4.46053      0.85
 0.942596  -4.45445      0.85
 0.942746  -4.44839      0.85
 0.942896  -4.44234      0.85
 0.943047   -4.4363      0.85
 0.943197  -4.43026      0.85
 0.943347  -4.42424      0.85
 0.943497  -4.41823      0.85
 0.943647  -4.41223      0.85
 0.943797  -4.40624      0.85
 0.943947  -4.40026      0.85
 0.944097  -4.39429      0.85
 0.944247  -4.38833      0.85
 0.944397  -4.38238      0.85
 0.944547  -4.37644      0.85
 0.944697  -4.37051      0.85
 0.944847  -4.36459      0.85
 0.944997  -4.35868      0.85
 0.945148  -4.35278      0.85
 0.945298  -4.34689      0.85
 0.945448  -4.34101      0.85
 0.945598  -4.33514      0.85
 0.945748  -4.32928      0.85
 0.945898  -4.32343      0.85
 0.946048   -4.3176      0.85
 0.946198  -4.31177      0.85
 0.946348  -4.30595      0.85
 0.946498  -4.30014      0.85
 0.946648  -4.29434      0.85
 0.946798  -4.28855      0.85
 0.946948  -4.28277      0.85
 0.947099    -4.277      0.85
 0.947249  -4.27124      0.85
 0.947399  -4.26548      0.85
 0.947549  -4.25974      0.85
 0.947699  -4.25401      0.85
 0.947849  -4.24829      0.85
 0.947999  -4.24258      0.85
 0.948149  -4.23688      0.85
 0.948299  -4.23118      0.85
 0.948449   -4.2255      0.85
 0.948599  -4.21983      0.85
 0.948749  -4.21416      0.85
 0.948899  -4.20851      0.85
  0.94905  -4.20286      0.85
   0.9492  -4.19723      0.85
  0.94935   -4.1916      0.85
   0.9495  -4.18599      0.85
  0.94965  -4.18038      0.85
   0.9498  -4.17478      0.85
  0.94995  -4.16919      0.85
   0.9501  -4.16361      0.85
  0.95025  -4.15805      0.85
   0.9504  -4.15249      0.85
  0.95055  -4.14694      0.85
   0.9507  -4.14139      0.85
  0.95085  -4.13586      0.85
 0.951001  -4.13034      0.85
 0.951151  -4.12483      0.85
 0.951301  -4.11932      0.85
 0.951451  -4.11383      0.85
 0.951601  -4.10834      0.85
 0.951751  -4.10287      0.85
 0.951901   -4.0974      0.85
 0.952051  -4.09194      0.85
 0.952201  -4.08649      0.85
 0.952351  -4.08105      0.85
 0.952501  -4.07562      0.85
 0.952651   -4.0702      0.85
 0.952801  -4.06479      0.85
 0.952951  -4.05938      0.85
 0.953102  -4.05399      0.85
 0.953252   -4.0486      0.85
 0.953402  -4.04323      0.85
 0.953552  -4.03786      0.85
 0.953702   -4.0325      0.85
 0.953852  -4.02715      0.85
 0.954002  -4.02181      0.85
 0.954152  -4.01648      0.85
 0.954302  -4.01116      0.85
 0.954452  -4.00584      0.85
 0.954602  -4.00054      0.85
 0.954752  -3.99524      0.85
 0.954902  -3.98996      0.85
 0.955053  -3.98468      0.85
 0.955203  -3.97941      0.85
 0.955353  -3.97415      0.85
 0.955503  -3.96889      0.85
 0.955653  -3.96365      0.85
 0.955803  -3.95842      0.85
 0.955953  -3.95319      0.85
 0.956103  -3.94797      0.85
 0.956253  -3.94276      0.85
 0.956403  -3.93756      0.85
 0.956553  -3.93237      0.85
 0.956703  -3.92719      0.85
 0.956853  -3.92202      0.85
 0.957004  -3.91685      0.85
 0.957154  -3.91169      0.85
 0.957304  -3.90654      0.85
 0.957454   -3.9014      0.85
 0.957604  -3.89627      0.85
 0.957754  -3.89115      0.85
 0.957904  -3.88603      0.85
 0.958054  -3.88093      0.85
 0.958204  -3.87583      0.85
 0.958354  -3.87074      0.85
 0.958504  -3.86566      0.85
 0.958654  -3.86059      0.85
 0.958804  -3.85552      0.85
 0.958954  -3.85047      0.85
 0.959105  -3.84542      0.85
 0.959255  -3.84038      0.85
 0.959405  -3.83535      0.85
 0.959555  -3.83033      0.85
 0.959705  -3.82531      0.85
 0.959855  -3.82031      0.85
 0.960005  -3.81531      0.85
 0.960155  -3.81032      0.85
 0.960305  -3.80534      0.85
 0.960455  -3.80037      0.85
 0.960605   -3.7954      0.85
 0.960755  -3.79045      0.85
 0.960905   -3.7855      0.85
 0.961056  -3.78056      0.85
 0.961206  -3.77562      0.85
 0.961356   -3.7707      0.85
 0.961506  -3.76578      0.85
 0.961656  -3.76088      0.85
 0.961806  -3.75598      0.85
 0.961956  -3.75108      0.85
 0.962106   -3.7462      0.85
 0.962256  -3.74132      0.85
 0.962406  -3.73645      0.85
 0.962556  -3.73159      0.85
 0.962706  -3.72674      0.85
 0.962856   -3.7219      0.85
 0.963007  -3.71706      0.85
 0.963157  -3.71223      0.85
 0.963307  -3.70741      0.85
 0.963457   -3.7026      0.85
 0.963607   -3.6978      0.85
 0.963757    -3.693      0.85
 0.963907  -3.68821      0.85
 0.964057  -3.68343      0.85
 0.964207  -3.67866      0.85
 0.964357  -3.67389      0.85
 0.964507  -3.66913      0.85
 0.964657  -3.66438      0.85
 0.964807  -3.65964      0.85
 0.964957   -3.6549      0.85
 0.965108  -3.65018      0.85
 0.965258  -3.64546      0.85
 0.965408  -3.64075      0.85
 0.965558  -3.63604      0.85
 0.965708  -3.63135      0.85
 0.965858  -3.62666      0.85
 0.966008  -3.62198      0.85
 0.966158   -3.6173      0.85
 0.966308  -3.61264      0.85
 0.966458  -3.60798      0.85
 0.966608  -3.60333      0.85
 0.966758  -3.59868      0.85
 0.966908  -3.59405      0.85
 0.967059  -3.58942      0.85
 0.967209   -3.5848      0.85
 0.967359  -3.58019      0.85
 0.967509  -3.57558      0.85
 0.967659  -3.57098      0.85
 0.967809  -3.56639      0.85
 0.967959  -3.56181      0.85
 0.968109  -3.55723      0.85
 0.968259  -3.55266      0.85
 0.968409   -3.5481      0.85
 0.968559  -3.54355      0.85
 0.968709    -3.539      0.85
 0.968859  -3.53446      0.85
  0.96901  -3.52993      0.85
  0.96916  -3.52541      0.85
  0.96931  -3.52089      0.85
  0.96946  -3.51638      0.85
  0.96961  -3.51188      0.85
  0.96976  -3.50738      0.85
  0.96991  -3.50289      0.85
  0.97006  -3.49841      0.85
  0.97021  -3.49394      0.85
  0.97036  -3.48947      0.85
  0.97051  -3.48501      0.85
  0.97066  -3.48056      0.85
  0.97081  -3.47611      0.85
  0.97096  -3.47168      0.85
 0.971111  -3.46725      0.85
 0.971261  -3.46282      0.85
 0.971411  -3.45841      0.85
 0.971561    -3.454      0.85
 0.971711  -3.44959      0.85
 0.971861   -3.4452      0.85
 0.972011  -3.44081      0.85
 0.972161  -3.43643      0.85
 0.972311  -3.43205      0.85
 0.972461  -3.42769      0.85
 0.972611  -3.42333      0.85
 0.972761  -3.41897      0.85
 0.972911  -3.41463      0.85
 0.973062  -3.41029      0.85
 0.973212  -3.40596      0.85
 0.973362  -3.40163      0.85
 0.973512  -3.39731      0.85
 0.973662    -3.393      0.85
 0.973812  -3.38869      0.85
 0.973962   -3.3844      0.85
 0.974112  -3.38011      0.85
 0.974262  -3.37582      0.85
 0.974412  -3.37154      0.85
 0.974562  -3.36727      0.85
 0.974712  -3.36301      0.85
 0.974862  -3.35875      0.85
 0.975013   -3.3545      0.85
 0.975163  -3.35026      0.85
 0.975313  -3.34602      0.85
 0.975463  -3.34179      0.85
 0.975613  -3.33757      0.85
 0.975763  -3.33335      0.85
 0.975913  -3.32914      0.85
 0.976063  -3.32494      0.85
 0.976213  -3.32074      0.85
 0.976363  -3.31655      0.85
 0.976513  -3.31237      0.85
 0.976663  -3.30819      0.85
 0.976813  -3.30402      0.85
 0.976963  -3.29986      0.85
 0.977114   -3.2957      0.85
 0.977264  -3.29155      0.85
 0.977414  -3.28741      0.85
 0.977564  -3.28327      0.85
 0.977714  -3.27914      0.85
 0.977864  -3.27502      0.85
 0.978014   -3.2709      0.85
 0.978164  -3.26679      0.85
 0.978314  -3.26269      0.85
 0.978464  -3.25859      0.85
 0.978614   -3.2545      0.85
 0.978764  -3.25041      0.85
 0.978914  -3.24633      0.85
 0.979065  -3.24226      0.85
 0.979215   -3.2382      0.85
 0.979365  -3.23414      0.85
 0.979515  -3.23008      0.85
 0.979665  -3.22604      0.85
 0.979815    -3.222      0.85
 0.979965  -3.21796      0.85
 0.980115  -3.21394      0.85
 0.980265  -3.20992      0.85
 0.980415   -3.2059      0.85
 0.980565  -3.20189      0.85
 0.980715  -3.19789      0.85
 0.980865   -3.1939      0.85
 0.981016  -3.18991      0.85
 0.981166  -3.18592      0.85
 0.981316  -3.18195      0.85
 0.981466  -3.17797      0.85
 0.981616  -3.17401      0.85
 0.981766  -3.17005      0.85
 0.981916   -3.1661      0.85
 0.982066  -3.16215      0.85
 0.982216  -3.15821      0.85
 0.982366  -3.15428      0.85
 0.982516  -3.15035      0.85
 0.982666  -3.14643      0.85
 0.982816  -3.14252      0.85
 0.982966  -3.13861      0.85
 0.983117  -3.13471      0.85
 0.983267  -3.13081      0.85
 0.983417  -3.12692      0.85
 0.983567  -3.12303      0.85
 0.983717  -3.11916      0.85
 0.983867  -3.11528      0.85
 0.984017  -3.11142      0.85
 0.984167  -3.10756      0.85
 0.984317   -3.1037      0.85
 0.984467  -3.09986      0.85
 0.984617  -3.09601      0.85
 0.984767  -3.09218      0.85
 0.984917  -3.08835      0.85
 0.985068  -3.08452      0.85
 0.985218   -3.0807      0.85
 0.985368  -3.07689      0.85
 0.985518  -3.07309      0.85
 0.985668  -3.06928      0.85
 0.985818  -3.06549      0.85
 0.985968   -3.0617      0.85
 0.986118  -3.05792      0.85
 0.986268  -3.05414      0.85
 0.986418  -3.05037      0.85
 0.986568  -3.04661      0.85
 0.986718  -3.04285      0.85
 0.986868  -3.03909      0.85
 0.987019  -3.03534      0.85
 0.987169   -3.0316      0.85
 0.987319  -3.02787      0.85
 0.987469  -3.02414      0.85
 0.987619  -3.02041      0.85
 0.987769  -3.01669      0.85
 0.987919  -3.01298      0.85
 0.988069  -3.00927      0.85
 0.988219  -3.00557      0.85
 0.988369  -3.00188      0.85
 0.988519  -2.99819      0.85
 0.988669   -2.9945      0.85
 0.988819  -2.99082      0.85
 0.988969  -2.98715      0.85
  0.98912  -2.98348      0.85
  0.98927  -2.97982      0.85
  0.98942  -2.97617      0.85
  0.98957  -2.97252      0.85
  0.98972  -2.96887      0.85
  0.98987  -2.96523      0.85
  0.99002   -2.9616      0.85
  0.99017  -2.95797      0.85
  0.99032  -2.95435      0.85
  0.99047  -2.95073      0.85
  0.99062  -2.94712      0.85
  0.99077  -2.94351      0.85
  0.99092  -2.93991      0.85
 0.991071  -2.93632      0.85
 0.991221  -2.93273      0.85
 0.991371  -2.92915      0.85
 0.991521  -2.92557      0.85
 0.991671    -2.922      0.85
 0.991821  -2.91843      0.85
 0.991971  -2.91487      0.85
 0.992121  -2.91131      0.85
 0.992271  -2.90776      0.85
 0.992421  -2.90422      0.85
 0.992571  -2.90068      0.85
 0.992721  -2.89714      0.85
 0.992871  -2.89362      0.85
 0.993022  -2.89009      0.85
 0.993172  -2.88657      0.85
 0.993322  -2.88306      0.85
 0.993472  -2.87955      0.85
 0.993622  -2.87605      0.85
 0.993772  -2.87256      0.85
 0.993922  -2.86906      0.85
 0.994072  -2.86558      0.85
 0.994222   -2.8621      0.85
 0.994372  -2.85862      0.85
 0.994522  -2.85515      0.85
 0.994672  -2.85169      0.85
 0.994822  -2.84823      0.85
 0.994972  -2.84478      0.85
 0.995123  -2.84133      0.85
 0.995273  -2.83788      0.85
 0.995423  -2.83445      0.85
 0.995573  -2.83101      0.85
 0.995723  -2.82758      0.85
 0.995873  -2.82416      0.85
 0.996023  -2.82075      0.85
 0.996173  -2.81733      0.85
 0.996323  -2.81393      0.85
 0.996473  -2.81052      0.85
 0.996623  -2.80713      0.85
 0.996773  -2.80374      0.85
 0.996923  -2.80035      0.85
 0.997074  -2.79697      0.85
 0.997224  -2.79359      0.85
 0.997374  -2.79022      0.85
 0.997524  -2.78686      0.85
 0.997674   -2.7835      0.85
 0.997824  -2.78014      0.85
 0.997974  -2.77679      0.85
 0.998124  -2.77345      0.85
 0.998274  -2.77011      0.85
 0.998424  -2.76677      0.85
 0.998574  -2.76344      0.85
 0.998724  -2.76011      0.85
 0.998874  -2.75679      0.85
 0.999025  -2.75348      0.85
 0.999175  -2.75017      0.85
 0.999325  -2.74686      0.85
 0.999475  -2.74356      0.85
 0.999625  -2.74027      0.85
 0.999775  -2.73698      0.85
 0.999925  -2.73369      0.85
  1.00008  -2.73041      0.85
  1.00023  -2.72714      0.85
  1.00038  -2.72387      0.85
  1.00053   -2.7206      0.85
  1.00068  -2.71734      0.85
  1.00083  -2.71409      0.85
  1.00098  -2.71084      0.85
  1.00113  -2.70759      0.85
  1.00128  -2.70435      0.85
  1.00143  -2.70112      0.85
  1.00158  -2.69788      0.85
  1.00173  -2.69466      0.85
  1.00188  -2.69144      0.85
  1.00203  -2.68822      0.85
  1.00218  -2.68501      0.85
  1.00233   -2.6818      0.85
  1.00248   -2.6786      0.85
  1.00263   -2.6754      0.85
  1.00278  -2.67221      0.85
  1.00293  -2.66902      0.85
  1.00308  -2.66584      0.85
  1.00323  -2.66266      0.85
  1.00338  -2.65949      0.85
  1.00353  -2.65632      0.85
  1.00368  -2.65316      0.85
  1.00383     -2.65      0.85
  1.00398  -2.64684      0.85
  1.00413  -2.64369      0.85
  1.00428  -2.64055      0.85
  1.00443  -2.63741      0.85
  1.00458  -2.63427      0.85
  1.00473  -2.63114      0.85
  1.00488  -2.62802      0.85
  1.00503   -2.6249      0.85
  1.00518  -2.62178      0.85
  1.00533  -2.61867      0.85
  1.00548  -2.61556      0.85
  1.00563  -2.61246      0.85
  1.00578  -2.60936      0.85
  1.00593  -2.60627      0.85
  1.00608  -2.60318      0.85
  1.00623  -2.60009      0.85
  1.00638  -2.59701      0.85
  1.00653  -2.59394      0.85
  1.00668  -2.59087      0.85
  1.00683   -2.5878      0.85
  1.00698  -2.58474      0.85
  1.00713  -2.58168      0.85
  1.00728  -2.57863      0.85
  1.00743  -2.57558      0.85
  1.00758  -2.57254      0.85
  1.00773   -2.5695      0.85
  1.00788  -2.56647      0.85
  1.00803  -2.56344      0.85
  1.00818  -2.56041      0.85
  1.00833  -2.55739      0.85
  1.00848  -2.55438      0.85
  1.00863  -2.55136      0.85
  1.00878  -2.54836      0.85
  1.00893  -2.54535      0.85
  1.00908  -2.54236      0.85
  1.00923  -2.53936      0.85
  1.00938  -2.53637      0.85
  1.00953  -2.53339      0.85
  1.00968  -2.53041      0.85
  1.00983  -2.52743      0.85
  1.00998  -2.52446      0.85
  1.01013  -2.52149      0.85
  1.01028  -2.51853      0.85
  1.01043  -2.51557      0.85
  1.01058  -2.51262      0.85
  1.01073  -2.50967      0.85
  1.01088  -2.50672      0.85
  1.01103  -2.50378      0.85
  1.01118  -2.50084      0.85
  1.01133  -2.49791      0.85
  1.01148  -2.49498      0.85
  1.01163  -2.49206      0.85
  1.01178  -2.48914      0.85
  1.01193  -2.48622      0.85
  1.01208  -2.48331      0.85
  1.01223  -2.48041      0.85
  1.01238   -2.4775      0.85
  1.01253   -2.4746      0.85
  1.01268  -2.47171      0.85
  1.01283  -2.46882      0.85
  1.01298  -2.46594      0.85
  1.01313  -2.46305      0.85
  1.01328  -2.46018      0.85
  1.01343  -2.45731      0.85
  1.01358  -2.45444      0.85
  1.01373  -2.45157      0.85
  1.01388  -2.44871      0.85
  1.01403  -2.44586      0.85
  1.01418  -2.44301      0.85
  1.01433  -2.44016      0.85
  1.01448  -2.43731      0.85
  1.01463  -2.43448      0.85
  1.01478  -2.43164      0.85
  1.01493  -2.42881      0.85
  1.01508  -2.42598      0.85
  1.01523  -2.42316      0.85
  1.01538  -2.42034      0.85
  1.01553  -2.41753      0.85
  1.01568  -2.41472      0.85
  1.01583  -2.41191      0.85
  1.01598  -2.40911      0.85
  1.01613  -2.40631      0.85
  1.01628  -2.40352      0.85
  1.01643  -2.40073      0.85
  1.01658  -2.39794      0.85
  1.01673  -2.39516      0.85
  1.01688  -2.39239      0.85
  1.01703  -2.38961      0.85
  1.01718  -2.38684      0.85
  1.01733  -2.38408      0.85
  1.01748  -2.38132      0.85
  1.01763  -2.37856      0.85
  1.01778  -2.37581      0.85
  1.01793  -2.37306      0.85
  1.01808  -2.37031      0.85
  1.01823  -2.36757      0.85
  1.01838  -2.36483      0.85
  1.01853   -2.3621      0.85
  1.01868  -2.35937      0.85
  1.01883  -2.35665      0.85
  1.01898  -2.35392      0.85
  1.01913  -2.35121      0.85
  1.01928  -2.34849      0.85
  1.01943  -2.34578      0.85
  1.01958  -2.34308      0.85
  1.01973  -2.34038      0.85
  1.01988  -2.33768      0.85
  1.02004  -2.33499      0.85
  1.02019   -2.3323      0.85
  1.02034  -2.32961      0.85
  1.02049  -2.32693      0.85
  1.02064  -2.32425      0.85
  1.02079  -2.32157      0.85
  1.02094   -2.3189      0.85
  1.02109  -2.31624      0.85
  1.02124  -2.31357      0.85
  1.02139  -2.31092      0.85
  1.02154  -2.30826      0.85
  1.02169  -2.30561      0.85
  1.02184  -2.30296      0.85
  1.02199  -2.30032      0.85
  1.02214  -2.29768      0.85
  1.02229  -2.29504      0.85
  1.02244  -2.29241      0.85
  1.02259  -2.28978      0.85
  1.02274  -2.28716      0.85
  1.02289  -2.28454      0.85
  1.02304  -2.28192      0.85
  1.02319  -2.27931      0.85
  1.02334   -2.2767      0.85
  1.02349  -2.27409      0.85
  1.02364  -2.27149      0.85
  1.02379  -2.26889      0.85
  1.02394   -2.2663      0.85
  1.02409  -2.26371      0.85
  1.02424  -2.26112      0.85
  1.02439  -2.25854      0.85
  1.02454  -2.25596      0.85
  1.02469  -2.25338      0.85
  1.02484  -2.25081      0.85
  1.02499  -2.24824      0.85
  1.02514  -2.24568      0.85
  1.02529  -2.24312      0.85
  1.02544  -2.24056      0.85
  1.02559    -2.238      0.85
  1.02574  -2.23545      0.85
  1.02589  -2.23291      0.85
  1.02604  -2.23036      0.85
  1.02619  -2.22783      0.85
  1.02634  -2.22529      0.85
  1.02649  -2.22276      0.85
  1.02664  -2.22023      0.85
  1.02679  -2.21771      0.85
  1.02694  -2.21518      0.85
  1.02709  -2.21267      0.85
  1.02724  -2.21015      0.85
  1.02739  -2.20764      0.85
  1.02754  -2.20514      0.85
  1.02769  -2.20263      0.85
  1.02784  -2.20013      0.85
  1.02799  -2.19764      0.85
  1.02814  -2.19515      0.85
  1.02829  -2.19266      0.85
  1.02844  -2.19017      0.85
  1.02859  -2.18769      0.85
  1.02874  -2.18521      0.85
  1.02889  -2.18274      0.85
  1.02904  -2.18027      0.85
  1.02919   -2.1778      0.85
  1.02934  -2.17534      0.85
  1.02949  -2.17287      0.85
  1.02964  -2.17042      0.85
  1.02979  -2.16796      0.85
  1.02994  -2.16551      0.85
  1.03009  -2.16307      0.85
  1.03024  -2.16062      0.85
  1.03039  -2.15818      0.85
  1.03054  -2.15575      0.85
  1.03069  -2.15332      0.85
  1.03084  -2.15089      0.85
  1.03099  -2.14846      0.85
  1.03114  -2.14604      0.85
  1.03129  -2.14362      0.85
  1.03144   -2.1412      0.85
  1.03159  -2.13879      0.85
  1.03174  -2.13638      0.85
  1.03189  -2.13398      0.85
  1.03204  -2.13158      0.85
  1.03219  -2.12918      0.85
  1.03234  -2.12678      0.85
  1.03249  -2.12439      0.85
  1.03264    -2.122      0.85
  1.03279  -2.11962      0.85
  1.03294  -2.11724      0.85
  1.03309  -2.11486      0.85
  1.03324  -2.11248      0.85
  1.03339  -2.11011      0.85
  1.03354  -2.10774      0.85
  1.03369  -2.10538      0.85
  1.03384  -2.10302      0.85
  1.03399  -2.10066      0.85
  1.03414  -2.09831      0.85
  1.03429  -2.09595      0.85
  1.03444  -2.09361      0.85
  1.03459  -2.09126      0.85
  1.03474  -2.08892      0.85
  1.03489  -2.08658      0.85
  1.03504  -2.08425      0.85
  1.03519  -2.08192      0.85
  1.03534  -2.07959      0.85
  1.03549  -2.07726      0.85
  1.03564  -2.07494      0.85
  1.03579  -2.07262      0.85
  1.03594  -2.07031      0.85
  1.03609    -2.068      0.85
  1.03624  -2.06569      0.85
  1.03639  -2.06338      0.85
  1.03654  -2.06108      0.85
  1.03669  -2.05878      0.85
  1.03684  -2.05648      0.85
  1.03699  -2.05419      0.85
  1.03714   -2.0519      0.85
  1.03729  -2.04962      0.85
  1.03744  -2.04733      0.85
  1.03759  -2.04505      0.85
  1.03774  -2.04278      0.85
  1.03789   -2.0405      0.85
  1.03804  -2.03823      0.85
  1.03819  -2.03597      0.85
  1.03834   -2.0337      0.85
  1.03849  -2.03144      0.85
  1.03864  -2.02918      0.85
  1.03879  -2.02693      0.85
  1.03894  -2.02468      0.85
  1.03909  -2.02243      0.85
  1.03924  -2.02019      0.85
  1.03939  -2.01794      0.85
  1.03954  -2.01571      0.85
  1.03969  -2.01347      0.85
  1.03984  -2.01124      0.85
  1.03999  -2.00901      0.85
  1.04015  -2.00678      0.85
   1.0403  -2.00456      0.85
  1.04045  -2.00234      0.85
   1.0406  -2.00012      0.85
  1.04075  -1.99791      0.85
   1.0409   -1.9957      0.85
  1.04105  -1.99349      0.85
   1.0412  -1.99129      0.85
  1.04135  -1.98908      0.85
   1.0415  -1.98689      0.85
  1.04165  -1.98469      0.85
   1.0418   -1.9825      0.85
  1.04195  -1.98031      0.85
   1.0421  -1.97812      0.85
  1.04225  -1.97594      0.85
   1.0424  -1.97376      0.85
  1.04255  -1.97158      0.85
   1.0427  -1.96941      0.85
  1.04285  -1.96724      0.85
    1.043  -1.96507      0.85
  1.04315   -1.9629      0.85
   1.0433  -1.96074      0.85
  1.04345  -1.95858      0.85
   1.0436  -1.95643      0.85
  1.04375  -1.95427      0.85
   1.0439  -1.95212      0.85
  1.04405  -1.94998      0.85
   1.0442  -1.94783      0.85
  1.04435  -1.94569      0.85
   1.0445  -1.94355      0.85
  1.04465  -1.94142      0.85
   1.0448  -1.93929      0.85
  1.04495  -1.93716      0.85
   1.0451  -1.93503      0.85
  1.04525  -1.93291      0.85
   1.0454  -1.93079      0.85
  1.04555  -1.92867      0.85
   1.0457  -1.92655      0.85
  1.04585  -1.92444      0.85
    1.046  -1.92233      0.85
  1.04615  -1.92023      0.85
   1.0463  -1.91812      0.85
  1.04645  -1.91602      0.85
   1.0466  -1.91393      0.85
  1.04675  -1.91183      0.85
   1.0469  -1.90974      0.85
  1.04705  -1.90765      0.85
   1.0472  -1.90557      0.85
  1.04735  -1.90348      0.85
   1.0475   -1.9014      0.85
  1.04765  -1.89933      0.85
   1.0478  -1.89725      0.85
  1.04795  -1.89518      0.85
   1.0481  -1.89311      0.85
  1.04825  -1.89105      0.85
   1.0484  -1.88898      0.85
  1.04855  -1.88692      0.85
   1.0487  -1.88487      0.85
  1.04885  -1.88281      0.85
    1.049  -1.88076      0.85
  1.04915  -1.87871      0.85
   1.0493  -1.87666      0.85
  1.04945  -1.87462      0.85
   1.0496  -1.87258      0.85
  1.04975  -1.87054      0.85
   1.0499  -1.86851      0.85
  1.05005  -1.86648      0.85
   1.0502  -1.86445      0.85
  1.05035  -1.86242      0.85
   1.0505   -1.8604      0.85
  1.05065  -1.85838      0.85
   1.0508  -1.85636      0.85
  1.05095  -1.85434      0.85
   1.0511  -1.85233      0.85
  1.05125  -1.85032      0.85
   1.0514  -1.84831      0.85
  1.05155  -1.84631      0.85
   1.0517  -1.84431      0.85
  1.05185  -1.84231      0.85
    1.052  -1.84031      0.85
  1.05215  -1.83832      0.85
   1.0523  -1.83633      0.85
  1.05245  -1.83434      0.85
   1.0526  -1.83235      0.85
  1.05275  -1.83037      0.85
   1.0529  -1.82839      0.85
  1.05305  -1.82641      0.85
   1.0532  -1.82444      0.85
  1.05335  -1.82247      0.85
   1.0535   -1.8205      0.85
  1.05365  -1.81853      0.85
   1.0538  -1.81657      0.85
  1.05395  -1.81461      0.85
   1.0541  -1.81265      0.85
  1.05425  -1.81069      0.85
   1.0544  -1.80874      0.85
  1.05455  -1.80679      0.85
   1.0547  -1.80484      0.85
  1.05485   -1.8029      0.85
    1.055  -1.80095      0.85
  1.05515  -1.79901      0.85
   1.0553  -1.79708      0.85
  1.05545  -1.79514      0.85
   1.0556  -1.79321      0.85
  1.05575  -1.79128      0.85
   1.0559  -1.78935      0.85
  1.05605  -1.78743      0.85
   1.0562  -1.78551      0.85
  1.05635  -1.78359      0.85
   1.0565  -1.78167      0.85
  1.05665  -1.77976      0.85
   1.0568  -1.77785      0.85
  1.05695  -1.77594      0.85
   1.0571  -1.77403      0.85
  1.05725  -1.77213      0.85
   1.0574  -1.77023      0.85
  1.05755  -1.76833      0.85
   1.0577  -1.76643      0.85
  1.05785  -1.76454      0.85
    1.058  -1.76265      0.85
  1.05815  -1.76076      0.85
   1.0583  -1.75887      0.85
  1.05845  -1.75699      0.85
   1.0586  -1.75511      0.85
  1.05875  -1.75323      0.85
   1.0589  -1.75136      0.85
  1.05905  -1.74948      0.85
   1.0592  -1.74761      0.85
  1.05935  -1.74574      0.85
   1.0595  -1.74388      0.85
  1.05965  -1.74202      0.85
   1.0598  -1.74016      0.85
  1.05995   -1.7383      0.85
  1.06011  -1.73644      0.85
  1.06026  -1.73459      0.85
  1.06041  -1.73274      0.85
  1.06056  -1.73089      0.85
  1.06071  -1.72905      0.85
  1.06086   -1.7272      0.85
  1.06101  -1.72536      0.85
  1.06116  -1.72352      0.85
  1.06131  -1.72169      0.85
  1.06146  -1.71986      0.85
  1.06161  -1.71802      0.85
  1.06176   -1.7162      0.85
  1.06191  -1.71437      0.85
  1.06206  -1.71255      0.85
  1.06221  -1.71073      0.85
  1.06236  -1.70891      0.85
  1.06251  -1.70709      0.85
  1.06266  -1.70528      0.85
  1.06281  -1.70347      0.85
  1.06296  -1.70166      0.85
  1.06311  -1.69985      0.85
  1.06326  -1.69805      0.85
  1.06341  -1.69625      0.85
  1.06356  -1.69445      0.85
  1.06371  -1.69265      0.85
  1.06386  -1.69086      0.85
  1.06401  -1.68906      0.85
  1.06416  -1.68727      0.85
  1.06431  -1.68549      0.85
  1.06446   -1.6837      0.85
  1.06461  -1.68192      0.85
  1.06476  -1.68014      0.85
  1.06491  -1.67836      0.85
  1.06506  -1.67659      0.85
  1.06521  -1.67481      0.85
  1.06536  -1.67304      0.85
  1.06551  -1.67128      0.85
  1.06566  -1.66951      0.85
  1.06581  -1.66775      0.85
  1.06596  -1.66598      0.85
  1.06611  -1.66423      0.85
  1.06626  -1.66247      0.85
  1.06641  -1.66072      0.85
  1.06656  -1.65896      0.85
  1.06671  -1.65721      0.85
  1.06686  -1.65547      0.85
  1.06701  -1.65372      0.85
  1.06716  -1.65198      0.85
  1.06731  -1.65024      0.85
  1.06746   -1.6485      0.85
  1.06761  -1.64677      0.85
  1.06776  -1.64503      0.85
  1.06791   -1.6433      0.85
  1.06806  -1.64157      0.85
  1.06821  -1.63985      0.85
  1.06836  -1.63812      0.85
  1.06851   -1.6364      0.85
  1.06866  -1.63468      0.85
  1.06881  -1.63296      0.85
  1.06896  -1.63125      0.85
  1.06911  -1.62954      0.85
  1.06926  -1.62782      0.85
  1.06941  -1.62612      0.85
  1.06956  -1.62441      0.85
  1.06971  -1.62271      0.85
  1.06986    -1.621      0.85
  1.07001  -1.61931      0.85
  1.07016  -1.61761      0.85
  1.07031  -1.61591      0.85
  1.07046  -1.61422      0.85
  1.07061  -1.61253      0.85
  1.07076  -1.61084      0.85
  1.07091  -1.60916      0.85
  1.07106  -1.60747      0.85
  1.07121  -1.60579      0.85
  1.07136  -1.60411      0.85
  1.07151  -1.60244      0.85
  1.07166  -1.60076      0.85
  1.07181  -1.59909      0.85
  1.07196  -1.59742      0.85
  1.07211  -1.59575      0.85
  1.07226  -1.59408      0.85
  1.07241  -1.59242      0.85
  1.07256  -1.59076      0.85
  1.07271   -1.5891      0.85
  1.07286  -1.58744      0.85
  1.07301  -1.58579      0.85
  1.07316  -1.58413      0.85
  1.07331  -1.58248      0.85
  1.07346  -1.58083      0.85
  1.07361  -1.57919      0.85
  1.07376  -1.57754      0.85
  1.07391   -1.5759      0.85
  1.07406  -1.57426      0.85
  1.07421  -1.57262      0.85
  1.07436  -1.57099      0.85
  1.07451  -1.56935      0.85
  1.07466  -1.56772      0.85
  1.07481  -1.56609      0.85
  1.07496  -1.56447      0.85
  1.07511  -1.56284      0.85
  1.07526  -1.56122      0.85
  1.07541   -1.5596      0.85
  1.07556  -1.55798      0.85
  1.07571  -1.55636      0.85
  1.07586  -1.55475      0.85
  1.07601  -1.55314      0.85
  1.07616  -1.55152      0.85
  1.07631  -1.54992      0.85
  1.07646  -1.54831      0.85
  1.07661  -1.54671      0.85
  1.07676   -1.5451      0.85
  1.07691  -1.54351      0.85
  1.07706  -1.54191      0.85
  1.07721  -1.54031      0.85
  1.07736  -1.53872      0.85
  1.07751  -1.53713      0.85
  1.07766  -1.53554      0.85
  1.07781  -1.53395      0.85
  1.07796  -1.53236      0.85
  1.07811  -1.53078      0.85
  1.07826   -1.5292      0.85
  1.07841  -1.52762      0.85
  1.07856  -1.52604      0.85
  1.07871  -1.52447      0.85
  1.07886   -1.5229      0.85
  1.07901  -1.52133      0.85
  1.07916  -1.51976      0.85
  1.07931  -1.51819      0.85
  1.07946  -1.51663      0.85
  1.07961  -1.51506      0.85
  1.07976   -1.5135      0.85
  1.07991  -1.51194      0.85
  1.08007  -1.51039      0.85
  1.08022  -1.50883      0.85
  1.08037  -1.50728      0.85
  1.08052  -1.50573      0.85
  1.08067  -1.50418      0.85
  1.08082  -1.50263      0.85
  1.08097  -1.50109      0.85
  1.08112  -1.49955      0.85
  1.08127  -1.49801      0.85
  1.08142  -1.49647      0.85
  1.08157  -1.49493      0.85
  1.08172   -1.4934      0.85
  1.08187  -1.49186      0.85
  1.08202  -1.49033      0.85
  1.08217   -1.4888      0.85
  1.08232  -1.48728      0.85
  1.08247  -1.48575      0.85
  1.08262  -1.48423      0.85
  1.08277  -1.48271      0.85
  1.08292  -1.48119      0.85
  1.08307  -1.47967      0.85
  1.08322  -1.47816      0.85
  1.08337  -1.47664      0.85
  1.08352  -1.47513      0.85
  1.08367  -1.47362      0.85
  1.08382  -1.47212      0.85
  1.08397  -1.47061      0.85
  1.08412  -1.46911      0.85
  1.08427  -1.46761      0.85
  1.08442  -1.46611      0.85
  1.08457  -1.46461      0.85
  1.08472  -1.46311      0.85
  1.08487  -1.46162      0.85
  1.08502  -1.46013      0.85
  1.08517  -1.45864      0.85
  1.08532  -1.45715      0.85
  1.08547  -1.45567      0.85
  1.08562  -1.45418      0.85
  1.08577   -1.4527      0.85
  1.08592  -1.45122      0.85
  1.08607  -1.44974      0.85
  1.08622  -1.44826      0.85
  1.08637  -1.44679      0.85
  1.08652  -1.44532      0.85
  1.08667  -1.44385      0.85
  1.08682  -1.44238      0.85
  1.08697  -1.44091      0.85
  1.08712  -1.43944      0.85
  1.08727  -1.43798      0.85
  1.08742  -1.43652      0.85
  1.08757  -1.43506      0.85
  1.08772   -1.4336      0.85
  1.08787  -1.43215      0.85
  1.08802  -1.43069      0.85
  1.08817  -1.42924      0.85
  1.08832  -1.42779      0.85
  1.08847  -1.42634      0.85
  1.08862   -1.4249      0.85
  1.08877  -1.42345      0.85
  1.08892  -1.42201      0.85
  1.08907  -1.42057      0.85
  1.08922  -1.41913      0.85
  1.08937  -1.41769      0.85
  1.08952  -1.41625      0.85
  1.08967  -1.41482      0.85
  1.08982  -1.41339      0.85
  1.08997  -1.41196      0.85
  1.09012  -1.41053      0.85
  1.09027   -1.4091      0.85
  1.09042  -1.40768      0.85
  1.09057  -1.40626      0.85
  1.09072  -1.40484      0.85
  1.09087  -1.40342      0.85
  1.09102    -1.402      0.85
  1.09117  -1.40058      0.85
  1.09132  -1.39917      0.85
  1.09147  -1.39776      0.85
  1.09162  -1.39635      0.85
  1.09177  -1.39494      0.85
  1.09192  -1.39353      0.85
  1.09207  -1.39213      0.85
  1.09222  -1.39073      0.85
  1.09237  -1.38932      0.85
  1.09252  -1.38792      0.85
  1.09267  -1.38653      0.85
  1.09282  -1.38513      0.85
  1.09297  -1.38374      0.85
  1.09312  -1.38234      0.85
  1.09327  -1.38095      0.85
  1.09342  -1.37956      0.85
  1.09357  -1.37818      0.85
  1.09372  -1.37679      0.85
  1.09387  -1.37541      0.85
  1.09402  -1.37403      0.85
  1.09417  -1.37265      0.85
  1.09432  -1.37127      0.85
  1.09447  -1.36989      0.85
  1.09462  -1.36852      0.85
  1.09477  -1.36714      0.85
  1.09492  -1.36577      0.85
  1.09507   -1.3644      0.85
  1.09522  -1.36303      0.85
  1.09537  -1.36167      0.85
  1.09552   -1.3603      0.85
  1.09567  -1.35894      0.85
  1.09582  -1.35758      0.85
  1.09597  -1.35622      0.85
  1.09612  -1.35486      0.85
  1.09627  -1.35351      0.85
  1.09642  -1.35215      0.85
  1.09657   -1.3508      0.85
  1.09672  -1.34945      0.85
  1.09687   -1.3481      0.85
  1.09702  -1.34675      0.85
  1.09717  -1.34541      0.85
  1.09732  -1.34406      0.85
  1.09747  -1.34272      0.85
  1.09762  -1.34138      0.85
  1.09777  -1.34004      0.85
  1.09792   -1.3387      0.85
  1.09807  -1.33737      0.85
  1.09822  -1.33603      0.85
  1.09837   -1.3347      0.85
  1.09852  -1.33337      0.85
  1.09867  -1.33204      0.85
  1.09882  -1.33072      0.85
  1.09897  -1.32939      0.85
  1.09912  -1.32807      0.85
  1.09927  -1.32674      0.85
  1.09942  -1.32542      0.85
  1.09957   -1.3241      0.85
  1.09972  -1.32279      0.85
  1.09987  -1.32147      0.85
  1.10003  -1.32016      0.85
  1.10018  -1.31884      0.85
  1.10033  -1.31753      0.85
  1.10048  -1.31623      0.85
  1.10063  -1.31492      0.85
  1.10078  -1.31361      0.85
  1.10093  -1.31231      0.85
  1.10108  -1.31101      0.85
  1.10123   -1.3097      0.85
  1.10138   -1.3084      0.85
  1.10153  -1.30711      0.85
  1.10168  -1.30581      0.85
  1.10183  -1.30452      0.85
  1.10198  -1.30322      0.85
  1.10213  -1.30193      0.85
  1.10228  -1.30064      0.85
  1.10243  -1.29936      0.85
  1.10258  -1.29807      0.85
  1.10273  -1.29678      0.85
  1.10288   -1.2955      0.85
  1.10303  -1.29422      0.85
  1.10318  -1.29294      0.85
  1.10333  -1.29166      0.85
  1.10348  -1.29038      0.85
  1.10363  -1.28911      0.85
  1.10378  -1.28784      0.85
  1.10393  -1.28656      0.85
  1.10408  -1.28529      0.85
  1.10423  -1.28402      0.85
  1.10438  -1.28276      0.85
  1.10453  -1.28149      0.85
  1.10468  -1.28023      0.85
  1.10483  -1.27896      0.85
  1.10498   -1.2777      0.85
  1.10513  -1.27644      0.85
  1.10528  -1.27519      0.85
  1.10543  -1.27393      0.85
  1.10558  -1.27267      0.85
  1.10573  -1.27142      0.85
  1.10588  -1.27017      0.85
  1.10603  -1.26892      0.85
  1.10618  -1.26767      0.85
  1.10633  -1.26642      0.85
  1.10648  -1.26518      0.85
  1.10663  -1.26393      0.85
  1.10678  -1.26269      0.85
  1.10693  -1.26145      0.85
  1.10708  -1.26021      0.85
  1.10723  -1.25897      0.85
  1.10738  -1.25774      0.85
  1.10753   -1.2565      0.85
  1.10768  -1.25527      0.85
  1.10783  -1.25404      0.85
  1.10798  -1.25281      0.85
  1.10813  -1.25158      0.85
  1.10828  -1.25035      0.85
  1.10843  -1.24913      0.85
  1.10858   -1.2479      0.85
  1.10873  -1.24668      0.85
  1.10888  -1.24546      0.85
  1.10903  -1.24424      0.85
  1.10918  -1.24302      0.85
  1.10933   -1.2418      0.85
  1.10948  -1.24059      0.85
  1.10963  -1.23938      0.85
  1.10978  -1.23816      0.85
  1.10993  -1.23695      0.85
  1.11008  -1.23574      0.85
  1.11023  -1.23454      0.85
  1.11038  -1.23333      0.85
  1.11053  -1.23213      0.85
  1.11068  -1.23092      0.85
  1.11083  -1.22972      0.85
  1.11098  -1.22852      0.85
  1.11113  -1.22732      0.85
  1.11128  -1.22612      0.85
  1.11143  -1.22493      0.85
  1.11158  -1.22373      0.85
  1.11173  -1.22254      0.85
  1.11188  -1.22135      0.85
  1.11203  -1.22016      0.85
  1.11218  -1.21897      0.85
  1.11233  -1.21778      0.85
  1.11248   -1.2166      0.85
  1.11263  -1.21541      0.85
  1.11278  -1.21423      0.85
  1.11293  -1.21305      0.85
  1.11308  -1.21187      0.85
  1.11323  -1.21069      0.85
  1.11338  -1.20952      0.85
  1.11353  -1.20834      0.85
  1.11368  -1.20717      0.85
  1.11383  -1.20599      0.85
  1.11398  -1.20482      0.85
  1.11413  -1.20365      0.85
  1.11428  -1.20248      0.85
  1.11443  -1.20132      0.85
  1.11458  -1.20015      0.85
  1.11473  -1.19899      0.85
  1.11488  -1.19783      0.85
  1.11503  -1.19666      0.85
  1.11518   -1.1955      0.85
  1.11533  -1.19435      0.85
  1.11548  -1.19319      0.85
  1.11563  -1.19203      0.85
  1.11578  -1.19088      0.85
  1.11593  -1.18973      0.85
  1.11608  -1.18858      0.85
  1.11623  -1.18743      0.85
  1.11638  -1.18628      0.85
  1.11653  -1.18513      0.85
  1.11668  -1.18398      0.85
  1.11683  -1.18284      0.85
  1.11698   -1.1817      0.85
  1.11713  -1.18056      0.85
  1.11728  -1.17942      0.85
  1.11743  -1.17828      0.85
  1.11758  -1.17714      0.85
  1.11773    -1.176      0.85
  1.11788  -1.17487      0.85
  1.11803  -1.17374      0.85
  1.11818   -1.1726      0.85
  1.11833  -1.17147      0.85
  1.11848  -1.17034      0.85
  1.11863  -1.16922      0.85
  1.11878  -1.16809      0.85
  1.11893  -1.16696      0.85
  1.11908  -1.16584      0.85
  1.11923  -1.16472      0.85
  1.11938   -1.1636      0.85
  1.11953  -1.16248      0.85
  1.11968  -1.16136      0.85
  1.11983  -1.16024      0.85
  1.11998  -1.15913      0.85
  1.12014  -1.15801      0.85
  1.12029   -1.1569      0.85
  1.12044  -1.15579      0.85
  1.12059  -1.15468      0.85
  1.12074  -1.15357      0.85
  1.12089  -1.15246      0.85
  1.12104  -1.15136      0.85
  1.12119  -1.15025      0.85
  1.12134  -1.14915      0.85
  1.12149  -1.14805      0.85
  1.12164  -1.14695      0.85
  1.12179  -1.14585      0.85
  1.12194  -1.14475      0.85
  1.12209  -1.14365      0.85
  1.12224  -1.14256      0.85
  1.12239  -1.14146      0.85
  1.12254  -1.14037      0.85
  1.12269  -1.13928      0.85
  1.12284  -1.13819      0.85
  1.12299   -1.1371      0.85
  1.12314  -1.13601      0.85
  1.12329  -1.13492      0.85
  1.12344  -1.13384      0.85
  1.12359  -1.13276      0.85
  1.12374  -1.13167      0.85
  1.12389  -1.13059      0.85
  1.12404  -1.12951      0.85
  1.12419  -1.12843      0.85
  1.12434  -1.12736      0.85
  1.12449  -1.12628      0.85
  1.12464  -1.12521      0.85
  1.12479  -1.12413      0.85
  1.12494  -1.12306      0.85
  1.12509  -1.12199      0.85
  1.12524  -1.12092      0.85
  1.12539  -1.11985      0.85
  1.12554  -1.11879      0.85
  1.12569  -1.11772      0.85
  1.12584  -1.11666      0.85
  1.12599  -1.11559      0.85
  1.12614  -1.11453      0.85
  1.12629  -1.11347      0.85
  1.12644  -1.11241      0.85
  1.12659  -1.11135      0.85
  1.12674   -1.1103      0.85
  1.12689  -1.10924      0.85
  1.12704  -1.10819      0.85
  1.12719  -1.10713      0.85
  1.12734  -1.10608      0.85
  1.12749  -1.10503      0.85
  1.12764  -1.10398      0.85
  1.12779  -1.10294      0.85
  1.12794  -1.10189      0.85
  1.12809  -1.10084      0.85
  1.12824   -1.0998      0.85
  1.12839  -1.09876      0.85
  1.12854  -1.09772      0.85
  1.12869  -1.09667      0.85
  1.12884  -1.09564      0.85
  1.12899   -1.0946      0.85
  1.12914  -1.09356      0.85
  1.12929  -1.09253      0.85
  1.12944  -1.09149      0.85
  1.12959  -1.09046      0.85
  1.12974  -1.08943      0.85
  1.12989   -1.0884      0.85
  1.13004  -1.08737      0.85
  1.13019  -1.08634      0.85
  1.13034  -1.08531      0.85
  1.13049  -1.08429      0.85
  1.13064  -1.08326      0.85
  1.13079  -1.08224      0.85
  1.13094  -1.08122      0.85
  1.13109   -1.0802      0.85
  1.13124  -1.07918      0.85
  1.13139  -1.07816      0.85
  1.13154  -1.07714      0.85
  1.13169  -1.07613      0.85
  1.13184  -1.07511      0.85
  1.13199   -1.0741      0.85
  1.13214  -1.07308      0.85
  1.13229  -1.07207      0.85
  1.13244  -1.07106      0.85
  1.13259  -1.07006      0.85
  1.13274  -1.06905      0.85
  1.13289  -1.06804      0.85
  1.13304  -1.06704      0.85
  1.13319  -1.06603      0.85
  1.13334  -1.06503      0.85
  1.13349  -1.06403      0.85
  1.13364  -1.06303      0.85
  1.13379  -1.06203      0.85
  1.13394  -1.06103      0.85
  1.13409  -1.06003      0.85
  1.13424  -1.05904      0.85
  1.13439  -1.05804      0.85
  1.13454  -1.05705      0.85
  1.13469  -1.05606      0.85
  1.13484  -1.05507      0.85
  1.13499  -1.05408      0.85
  1.13514  -1.05309      0.85
  1.13529   -1.0521      0.85
  1.13544  -1.05112      0.85
  1.13559  -1.05013      0.85
  1.13574  -1.04915      0.85
  1.13589  -1.04816      0.85
  1.13604  -1.04718      0.85
  1.13619   -1.0462      0.85
  1.13634  -1.04522      0.85
  1.13649  -1.04424      0.85
  1.13664  -1.04327      0.85
  1.13679  -1.04229      0.85
  1.13694  -1.04132      0.85
  1.13709  -1.04034      0.85
  1.13724  -1.03937      0.85
  1.13739   -1.0384      0.85
  1.13754  -1.03743      0.85
  1.13769  -1.03646      0.85
  1.13784  -1.03549      0.85
  1.13799  -1.03453      0.85
  1.13814  -1.03356      0.85
  1.13829   -1.0326      0.85
  1.13844  -1.03163      0.85
  1.13859  -1.03067      0.85
  1.13874  -1.02971      0.85
  1.13889  -1.02875      0.85
  1.13904  -1.02779      0.85
  1.13919  -1.02683      0.85
  1.13934  -1.02588      0.85
  1.13949  -1.02492      0.85
  1.13964  -1.02397      0.85
  1.13979  -1.02301      0.85
  1.13994  -1.02206      0.85
   1.1401  -1.02111      0.85
  1.14025  -1.02016      0.85
   1.1404  -1.01921      0.85
  1.14055  -1.01826      0.85
   1.1407  -1.01732      0.85
  1.14085  -1.01637      0.85
    1.141  -1.01543      0.85
  1.14115  -1.01448      0.85
   1.1413  -1.01354      0.85
  1.14145   -1.0126      0.85
   1.1416  -1.01166      0.85
  1.14175  -1.01072      0.85
   1.1419  -1.00979      0.85
  1.14205  -1.00885      0.85
   1.1422  -1.00791      0.85
  1.14235  -1.00698      0.85
   1.1425  -1.00605      0.85
  1.14265  -1.00511      0.85
   1.1428  -1.00418      0.85
  1.14295  -1.00325      0.85
   1.1431  -1.00232      0.85
  1.14325   -1.0014      0.85
   1.1434  -1.00047      0.85
  1.14355 -0.999543      0.85
   1.1437 -0.998618      0.85
  1.14385 -0.997694      0.85
    1.144 -0.996772      0.85
  1.14415  -0.99585      0.85
   1.1443  -0.99493      0.85
  1.14445 -0.994011      0.85
   1.1446 -0.993093      0.85
  1.14475 -0.992175      0.85
   1.1449 -0.991259      0.85
  1.14505 -0.990344      0.85
   1.1452  -0.98943      0.85
  1.14535 -0.988517      0.85
   1.1455 -0.987606      0.85
  1.14565 -0.986695      0.85
   1.1458 -0.985785      0.85
  1.14595 -0.984876      0.85
   1.1461 -0.983969      0.85
  1.14625 -0.983062      0.85
   1.1464 -0.982157      0.85
  1.14655 -0.981252      0.85
   1.1467 -0.980349      0.85
  1.14685 -0.979446      0.85
    1.147 -0.978545      0.85
  1.14715 -0.977645      0.85
   1.1473 -0.976746      0.85
  1.14745 -0.975847      0.85
   1.1476  -0.97495      0.85
  1.14775 -0.974054      0.85
   1.1479 -0.973159      0.85
  1.14805 -0.972265      0.85
   1.1482 -0.971372      0.85
  1.14835  -0.97048      0.85
   1.1485 -0.969589      0.85
  1.14865 -0.968699      0.85
   1.1488  -0.96781      0.85
  1.14895 -0.966923      0.85
   1.1491 -0.966036      0.85
  1.14925  -0.96515      0.85
   1.1494 -0.964265      0.85
  1.14955 -0.963381      0.85
   1.1497 -0.962499      0.85
  1.14985 -0.961617      0.85
     1.15 -0.960736      0.85