 kgrid  ValNew  Policy 
     0.85  -6.20146      0.85
  0.85015  -6.19207      0.85
   0.8503  -6.18269      0.85
  0.85045  -6.17333      0.85
   0.8506  -6.16399      0.85
  0.85075  -6.15467      0.85
   0.8509  -6.14536      0.85
 0.851051  -6.13608      0.85
 0.851201  -6.12681      0.85
 0.851351  -6.11756      0.85
 0.851501  -6.10832      0.85
 0.851651   -6.0991      0.85
 0.851801  -6.08991      0.85
 0.851951  -6.08072      0.85
 0.852101  -6.07156      0.85
 0.852251  -6.06241      0.85
 0.852401  -6.05328      0.85
 0.852551  -6.04417      0.85
 0.852701  -6.03508      0.85
 0.852851    -6.026      0.85
 0.853002  -6.01694      0.85
 0.853152   -6.0079      0.85
 0.853302  -5.99887      0.85
 0.853452  -5.98986      0.85
 0.853602  -5.98087      0.85
 0.853752  -5.97189      0.85
 0.853902  -5.96294      0.85
 0.854052  -5.95399      0.85
 0.854202  -5.94507      0.85
 0.854352  -5.93616      0.85
 0.854502  -5.92727      0.85
 0.854652   -5.9184      0.85
 0.854802  -5.90954      0.85
 0.854952   -5.9007      0.85
 0.855103  -5.89188      0.85
 0.855253  -5.88307      0.85
 0.855403  -5.87428      0.85
 0.855553  -5.86551      0.85
 0.855703  -5.85675      0.85
 0.855853  -5.84801      0.85
 0.856003  -5.83928      0.85
 0.856153  -5.83058      0.85
 0.856303  -5.82188      0.85
 0.856453  -5.81321      0.85
 0.856603  -5.80455      0.85
 0.856753  -5.79591      0.85
 0.856903  -5.78728      0.85
 0.857054  -5.77867      0.85
 0.857204  -5.77007      0.85
 0.857354   -5.7615      0.85
 0.857504  -5.75293      0.85
 0.857654  -5.74439      0.85
 0.857804  -5.73586      0.85
 0.857954  -5.72734      0.85
 0.858104  -5.71884      0.85
 0.858254  -5.71036      0.85
 0.858404   -5.7019      0.85
 0.858554  -5.69345      0.85
 0.858704  -5.68501      0.85
 0.858854  -5.67659      0.85
 0.859005  -5.66819      0.85
 0.859155   -5.6598      0.85
 0.859305  -5.65143      0.85
 0.859455  -5.64307      0.85
 0.859605  -5.63473      0.85
 0.859755   -5.6264      0.85
 0.859905  -5.61809      0.85
 0.860055   -5.6098      0.85
 0.860205  -5.60152      0.85
 0.860355  -5.59326      0.85
 0.860505  -5.58501      0.85
 0.860655  -5.57678      0.85
 0.860805  -5.56856      0.85
 0.860955  -5.56035      0.85
 0.861106  -5.55217      0.85
 0.861256    -5.544      0.85
 0.861406  -5.53584      0.85
 0.861556   -5.5277      0.85
 0.861706  -5.51957      0.85
 0.861856  -5.51146      0.85
 0.862006  -5.50336      0.85
 0.862156  -5.49528      0.85
 0.862306  -5.48721      0.85
 0.862456  -5.47916      0.85
 0.862606  -5.47112      0.85
 0.862756   -5.4631      0.85
 0.862906   -5.4551      0.85
 0.863057   -5.4471      0.85
 0.863207  -5.43912      0.85
 0.863357  -5.43116      0.85
 0.863507  -5.42321      0.85
 0.863657  -5.41528      0.85
 0.863807  -5.40736      0.85
 0.863957  -5.39946      0.85
 0.864107  -5.39157      0.85
 0.864257  -5.38369      0.85
 0.864407  -5.37583      0.85
 0.864557  -5.36798      0.85
 0.864707  -5.36015      0.85
 0.864857  -5.35233      0.85
 0.865008  -5.34453      0.85
 0.865158  -5.33674      0.85
 0.865308  -5.32897      0.85
 0.865458  -5.32121      0.85
 0.865608  -5.31346      0.85
 0.865758  -5.30573      0.85
 0.865908  -5.29801      0.85
 0.866058  -5.29031      0.85
 0.866208  -5.28262      0.85
 0.866358  -5.27494      0.85
 0.866508  -5.26728      0.85
 0.866658  -5.25963      0.85
 0.866808    -5.252      0.85
 0.866958  -5.24438      0.85
 0.867109  -5.23678      0.85
 0.867259  -5.22918      0.85
 0.867409  -5.22161      0.85
 0.867559  -5.21404      0.85
 0.867709  -5.20649      0.85
 0.867859  -5.19896      0.85
 0.868009  -5.19143      0.85
 0.868159  -5.18392      0.85
 0.868309  -5.17643      0.85
 0.868459  -5.16895      0.85
 0.868609  -5.16148      0.85
 0.868759  -5.15403      0.85
 0.868909  -5.14659      0.85
  0.86906  -5.13916      0.85
  0.86921  -5.13174      0.85
  0.86936  -5.12434      0.85
  0.86951  -5.11696      0.85
  0.86966  -5.10958      0.85
  0.86981  -5.10222      0.85
  0.86996  -5.09488      0.85
  0.87011  -5.08754      0.85
  0.87026  -5.08022      0.85
  0.87041  -5.07292      0.85
  0.87056  -5.06562      0.85
  0.87071  -5.05834      0.85
  0.87086  -5.05108      0.85
 0.871011  -5.04382      0.85
 0.871161  -5.03658      0.85
 0.871311  -5.02935      0.85
 0.871461  -5.02214      0.85
 0.871611  -5.01494      0.85
 0.871761  -5.00775      0.85
 0.871911  -5.00057      0.85
 0.872061  -4.99341      0.85
 0.872211  -4.98626      0.85
 0.872361  -4.97912      0.85
 0.872511    -4.972      0.85
 0.872661  -4.96489      0.85
 0.872811  -4.95779      0.85
 0.872961  -4.95071      0.85
 0.873112  -4.94363      0.85
 0.873262  -4.93657      0.85
 0.873412  -4.92953      0.85
 0.873562  -4.92249      0.85
 0.873712  -4.91547      0.85
 0.873862  -4.90846      0.85
 0.874012  -4.90146      0.85
 0.874162  -4.89448      0.85
 0.874312  -4.88751      0.85
 0.874462  -4.88055      0.85
 0.874612   -4.8736      0.85
 0.874762  -4.86667      0.85
 0.874912  -4.85974      0.85
 0.875063  -4.85284      0.85
 0.875213  -4.84594      0.85
 0.875363  -4.83905      0.85
 0.875513  -4.83218      0.85
 0.875663  -4.82532      0.85
 0.875813  -4.81847      0.85
 0.875963  -4.81164      0.85
 0.876113  -4.80481      0.85
 0.876263    -4.798      0.85
 0.876413   -4.7912      0.85
 0.876563  -4.78442      0.85
 0.876713  -4.77764      0.85
 0.876863  -4.77088      0.85
 0.877014  -4.76413      0.85
 0.877164  -4.75739      0.85
 0.877314  -4.75066      0.85
 0.877464  -4.74395      0.85
 0.877614  -4.73725      0.85
 0.877764  -4.73056      0.85
 0.877914  -4.72388      0.85
 0.878064  -4.71721      0.85
 0.878214  -4.71056      0.85
 0.878364  -4.70391      0.85
 0.878514  -4.69728      0.85
 0.878664  -4.69066      0.85
 0.878814  -4.68405      0.85
 0.878964  -4.67746      0.85
 0.879115  -4.67087      0.85
 0.879265   -4.6643      0.85
 0.879415  -4.65774      0.85
 0.879565  -4.65119      0.85
 0.879715  -4.64465      0.85
 0.879865  -4.63813      0.85
 0.880015  -4.63161      0.85
 0.880165  -4.62511      0.85
 0.880315  -4.61862      0.85
 0.880465  -4.61214      0.85
 0.880615  -4.60567      0.85
 0.880765  -4.59921      0.85
 0.880915  -4.59276      0.85
 0.881066  -4.58633      0.85
 0.881216  -4.57991      0.85
 0.881366  -4.57349      0.85
 0.881516  -4.56709      0.85
 0.881666   -4.5607      0.85
 0.881816  -4.55433      0.85
 0.881966  -4.54796      0.85
 0.882116   -4.5416      0.85
 0.882266  -4.53526      0.85
 0.882416  -4.52893      0.85
 0.882566   -4.5226      0.85
 0.882716  -4.51629      0.85
 0.882866  -4.50999      0.85
 0.883017   -4.5037      0.85
 0.883167  -4.49743      0.85
 0.883317  -4.49116      0.85
 0.883467   -4.4849      0.85
 0.883617  -4.47866      0.85
 0.883767  -4.47243      0.85
 0.883917   -4.4662      0.85
 0.884067  -4.45999      0.85
 0.884217  -4.45379      0.85
 0.884367   -4.4476      0.85
 0.884517  -4.44142      0.85
 0.884667  -4.43525      0.85
 0.884817  -4.42909      0.85
 0.884967  -4.42295      0.85
 0.885118  -4.41681      0.85
 0.885268  -4.41069      0.85
 0.885418  -4.40457      0.85
 0.885568  -4.39847      0.85
 0.885718  -4.39237      0.85
 0.885868  -4.38629      0.85
 0.886018  -4.38022      0.85
 0.886168  -4.37416      0.85
 0.886318  -4.36811      0.85
 0.886468  -4.36206      0.85
 0.886618  -4.35603      0.85
 0.886768  -4.35002      0.85
 0.886918  -4.34401      0.85
 0.887069  -4.33801      0.85
 0.887219  -4.33202      0.85
 0.887369  -4.32604      0.85
 0.887519  -4.32007      0.85
 0.887669  -4.31412      0.85
 0.887819  -4.30817      0.85
 0.887969  -4.30224      0.85
 0.888119  -4.29631      0.85
 0.888269  -4.29039      0.85
 0.888419  -4.28449      0.85
 0.888569  -4.27859      0.85
 0.888719  -4.27271      0.85
 0.888869  -4.26683      0.85
  0.88902  -4.26097      0.85
  0.88917  -4.25511      0.85
  0.88932  -4.24927      0.85
  0.88947  -4.24344      0.85
  0.88962  -4.23761      0.85
  0.88977   -4.2318      0.85
  0.88992  -4.22599      0.85
  0.89007   -4.2202      0.85
  0.89022  -4.21442      0.85
  0.89037  -4.20864      0.85
  0.89052  -4.20288      0.85
  0.89067  -4.19712      0.85
  0.89082  -4.19138      0.85
  0.89097  -4.18565      0.85
 0.891121  -4.17992      0.85
 0.891271  -4.17421      0.85
 0.891421   -4.1685      0.85
 0.891571  -4.16281      0.85
 0.891721  -4.15712      0.85
 0.891871  -4.15145      0.85
 0.892021  -4.14578      0.85
 0.892171  -4.14013      0.85
 0.892321  -4.13448      0.85
 0.892471  -4.12885      0.85
 0.892621  -4.12322      0.85
 0.892771   -4.1176      0.85
 0.892921  -4.11199      0.85
 0.893072   -4.1064      0.85
 0.893222  -4.10081      0.85
 0.893372  -4.09523      0.85
 0.893522  -4.08966      0.85
 0.893672   -4.0841      0.85
 0.893822  -4.07855      0.85
 0.893972  -4.07301      0.85
 0.894122  -4.06748      0.85
 0.894272  -4.06196      0.85
 0.894422  -4.05645      0.85
 0.894572  -4.05095      0.85
 0.894722  -4.04545      0.85
 0.894872  -4.03997      0.85
 0.895023  -4.03449      0.85
 0.895173  -4.02903      0.85
 0.895323  -4.02357      0.85
 0.895473  -4.01813      0.85
 0.895623  -4.01269      0.85
 0.895773  -4.00726      0.85
 0.895923  -4.00184      0.85
 0.896073  -3.99643      0.85
 0.896223  -3.99103      0.85
 0.896373  -3.98564      0.85
 0.896523  -3.98026      0.85
 0.896673  -3.97489      0.85
 0.896823  -3.96953      0.85
 0.896973  -3.96417      0.85
 0.897124  -3.95883      0.85
 0.897274  -3.95349      0.85
 0.897424  -3.94816      0.85
 0.897574  -3.94284      0.85
 0.897724  -3.93754      0.85
 0.897874  -3.93224      0.85
 0.898024  -3.92694      0.85
 0.898174  -3.92166      0.85
 0.898324  -3.91639      0.85
 0.898474  -3.91113      0.85
 0.898624  -3.90587      0.85
 0.898774  -3.90062      0.85
 0.898924  -3.89539      0.85
 0.899075  -3.89016      0.85
 0.899225  -3.88494      0.85
 0.899375  -3.87973      0.85
 0.899525  -3.87452      0.85
 0.899675  -3.86933      0.85
 0.899825  -3.86415      0.85
 0.899975  -3.85897      0.85
 0.900125   -3.8538      0.85
 0.900275  -3.84865      0.85
 0.900425   -3.8435      0.85
 0.900575  -3.83836      0.85
 0.900725  -3.83322      0.85
 0.900875   -3.8281      0.85
 0.901026  -3.82298      0.85
 0.901176  -3.81788      0.85
 0.901326  -3.81278      0.85
 0.901476  -3.80769      0.85
 0.901626  -3.80261      0.85
 0.901776  -3.79754      0.85
 0.901926  -3.79247      0.85
 0.902076  -3.78742      0.85
 0.902226  -3.78237      0.85
 0.902376  -3.77733      0.85
 0.902526   -3.7723      0.85
 0.902676  -3.76728      0.85
 0.902826  -3.76227      0.85
 0.902976  -3.75727      0.85
 0.903127  -3.75227      0.85
 0.903277  -3.74728      0.85
 0.903427   -3.7423      0.85
 0.903577  -3.73733      0.85
 0.903727  -3.73237      0.85
 0.903877  -3.72741      0.85
 0.904027  -3.72247      0.85
 0.904177  -3.71753      0.85
 0.904327   -3.7126      0.85
 0.904477  -3.70768      0.85
 0.904627  -3.70277      0.85
 0.904777  -3.69786      0.85
 0.904927  -3.69297      0.85
 0.905078  -3.68808      0.85
 0.905228   -3.6832      0.85
 0.905378  -3.67832      0.85
 0.905528  -3.67346      0.85
 0.905678   -3.6686      0.85
 0.905828  -3.66376      0.85
 0.905978  -3.65892      0.85
 0.906128  -3.65408      0.85
 0.906278  -3.64926      0.85
 0.906428  -3.64444      0.85
 0.906578  -3.63964      0.85
 0.906728  -3.63484      0.85
 0.906878  -3.63005      0.85
 0.907029  -3.62526      0.85
 0.907179  -3.62049      0.85
 0.907329  -3.61572      0.85
 0.907479  -3.61096      0.85
 0.907629  -3.60621      0.85
 0.907779  -3.60146      0.85
 0.907929  -3.59673      0.85
 0.908079    -3.592      0.85
 0.908229  -3.58728      0.85
 0.908379  -3.58256      0.85
 0.908529  -3.57786      0.85
 0.908679  -3.57316      0.85
 0.908829  -3.56847      0.85
 0.908979  -3.56379      0.85
  0.90913  -3.55912      0.85
  0.90928  -3.55445      0.85
  0.90943  -3.54979      0.85
  0.90958  -3.54514      0.85
  0.90973   -3.5405      0.85
  0.90988  -3.53586      0.85
  0.91003  -3.53123      0.85
  0.91018  -3.52661      0.85
  0.91033    -3.522      0.85
  0.91048  -3.51739      0.85
  0.91063   -3.5128      0.85
  0.91078  -3.50821      0.85
  0.91093  -3.50362      0.85
 0.911081  -3.49905      0.85
 0.911231  -3.49448      0.85
 0.911381  -3.48992      0.85
 0.911531  -3.48537      0.85
 0.911681  -3.48083      0.85
 0.911831  -3.47629      0.85
 0.911981  -3.47176      0.85
 0.912131  -3.46724      0.85
 0.912281  -3.46272      0.85
 0.912431  -3.45821      0.85
 0.912581  -3.45371      0.85
 0.912731  -3.44922      0.85
 0.912881  -3.44474      0.85
 0.913032  -3.44026      0.85
 0.913182  -3.43579      0.85
 0.913332  -3.43132      0.85
 0.913482  -3.42687      0.85
 0.913632  -3.42242      0.85
 0.913782  -3.41798      0.85
 0.913932  -3.41354      0.85
 0.914082  -3.40912      0.85
 0.914232   -3.4047      0.85
 0.914382  -3.40028      0.85
 0.914532  -3.39588      0.85
 0.914682  -3.39148      0.85
 0.914832  -3.38709      0.85
 0.914982   -3.3827      0.85
 0.915133  -3.37833      0.85
 0.915283  -3.37396      0.85
 0.915433   -3.3696      0.85
 0.915583  -3.36524      0.85
 0.915733  -3.36089      0.85
 0.915883  -3.35655      0.85
 0.916033  -3.35222      0.85
 0.916183  -3.34789      0.85
 0.916333  -3.34357      0.85
 0.916483  -3.33926      0.85
 0.916633  -3.33495      0.85
 0.916783  -3.33065      0.85
 0.916933  -3.32636      0.85
 0.917084  -3.32207      0.85
 0.917234   -3.3178      0.85
 0.917384  -3.31353      0.85
 0.917534  -3.30926      0.85
 0.917684    -3.305      0.85
 0.917834  -3.30075      0.85
 0.917984  -3.29651      0.85
 0.918134  -3.29227      0.85
 0.918284  -3.28804      0.85
 0.918434  -3.28382      0.85
 0.918584   -3.2796      0.85
 0.918734   -3.2754      0.85
 0.918884  -3.27119      0.85
 0.919035    -3.267      0.85
 0.919185  -3.26281      0.85
 0.919335  -3.25863      0.85
 0.919485  -3.25445      0.85
 0.919635  -3.25028      0.85
 0.919785  -3.24612      0.85
 0.919935  -3.24197      0.85
 0.920085  -3.23782      0.85
 0.920235  -3.23367      0.85
 0.920385  -3.22954      0.85
 0.920535  -3.22541      0.85
 0.920685  -3.22129      0.85
 0.920835  -3.21717      0.85
 0.920985  -3.21307      0.85
 0.921136  -3.20896      0.85
 0.921286  -3.20487      0.85
 0.921436  -3.20078      0.85
 0.921586   -3.1967      0.85
 0.921736  -3.19262      0.85
 0.921886  -3.18855      0.85
 0.922036  -3.18449      0.85
 0.922186  -3.18043      0.85
 0.922336  -3.17639      0.85
 0.922486  -3.17234      0.85
 0.922636  -3.16831      0.85
 0.922786  -3.16428      0.85
 0.922936  -3.16025      0.85
 0.923087  -3.15623      0.85
 0.923237  -3.15222      0.85
 0.923387  -3.14822      0.85
 0.923537  -3.14422      0.85
 0.923687  -3.14023      0.85
 0.923837  -3.13625      0.85
 0.923987  -3.13227      0.85
 0.924137  -3.12829      0.85
 0.924287  -3.12433      0.85
 0.924437  -3.12037      0.85
 0.924587  -3.11642      0.85
 0.924737  -3.11247      0.85
 0.924887  -3.10853      0.85
 0.925038  -3.10459      0.85
 0.925188  -3.10067      0.85
 0.925338  -3.09674      0.85
 0.925488  -3.09283      0.85
 0.925638  -3.08892      0.85
 0.925788  -3.08502      0.85
 0.925938  -3.08112      0.85
 0.926088  -3.07723      0.85
 0.926238  -3.07334      0.85
 0.926388  -3.06946      0.85
 0.926538  -3.06559      0.85
 0.926688  -3.06173      0.85
 0.926838  -3.05787      0.85
 0.926988  -3.05401      0.85
 0.927139  -3.05016      0.85
 0.927289  -3.04632      0.85
 0.927439  -3.04249      0.85
 0.927589  -3.03866      0.85
 0.927739  -3.03484      0.85
 0.927889  -3.03102      0.85
 0.928039  -3.02721      0.85
 0.928189   -3.0234      0.85
 0.928339   -3.0196      0.85
 0.928489  -3.01581      0.85
 0.928639  -3.01202      0.85
 0.928789  -3.00824      0.85
 0.928939  -3.00447      0.85
  0.92909   -3.0007      0.85
  0.92924  -2.99693      0.85
  0.92939  -2.99318      0.85
  0.92954  -2.98943      0.85
  0.92969  -2.98568      0.85
  0.92984  -2.98194      0.85
  0.92999  -2.97821      0.85
  0.93014  -2.97448      0.85
  0.93029  -2.97076      0.85
  0.93044  -2.96704      0.85
  0.93059  -2.96333      0.85
  0.93074  -2.95963      0.85
  0.93089  -2.95593      0.85
 0.931041  -2.95224      0.85
 0.931191  -2.94855      0.85
 0.931341  -2.94487      0.85
 0.931491  -2.94119      0.85
 0.931641  -2.93752      0.85
 0.931791  -2.93386      0.85
 0.931941   -2.9302      0.85
 0.932091  -2.92655      0.85
 0.932241   -2.9229      0.85
 0.932391  -2.91926      0.85
 0.932541  -2.91563      0.85
 0.932691    -2.912      0.85
 0.932841  -2.90838      0.85
 0.932991  -2.90476      0.85
 0.933142  -2.90115      0.85
 0.933292  -2.89754      0.85
 0.933442  -2.89394      0.85
 0.933592  -2.89034      0.85
 0.933742  -2.88675      0.85
 0.933892  -2.88317      0.85
 0.934042  -2.87959      0.85
 0.934192  -2.87602      0.85
 0.934342  -2.87245      0.85
 0.934492  -2.86889      0.85
 0.934642  -2.86533      0.85
 0.934792  -2.86178      0.85
 0.934942  -2.85824      0.85
 0.935093   -2.8547      0.85
 0.935243  -2.85116      0.85
 0.935393  -2.84764      0.85
 0.935543  -2.84411      0.85
 0.935693   -2.8406      0.85
 0.935843  -2.83708      0.85
 0.935993  -2.83358      0.85
 0.936143  -2.83008      0.85
 0.936293  -2.82658      0.85
 0.936443  -2.82309      0.85
 0.936593  -2.81961      0.85
 0.936743  -2.81613      0.85
 0.936893  -2.81265      0.85
 0.937044  -2.80918      0.85
 0.937194  -2.80572      0.85
 0.937344  -2.80226      0.85
 0.937494  -2.79881      0.85
 0.937644  -2.79536      0.85
 0.937794  -2.79192      0.85
 0.937944  -2.78849      0.85
 0.938094  -2.78506      0.85
 0.938244  -2.78163      0.85
 0.938394  -2.77821      0.85
 0.938544   -2.7748      0.85
 0.938694  -2.77139      0.85
 0.938844  -2.76798      0.85
 0.938994  -2.76458      0.85
 0.939145  -2.76119      0.85
 0.939295   -2.7578      0.85
 0.939445  -2.75442      0.85
 0.939595  -2.75104      0.85
 0.939745  -2.74767      0.85
 0.939895   -2.7443      0.85
 0.940045  -2.74093      0.85
 0.940195  -2.73758      0.85
 0.940345  -2.73423      0.85
 0.940495  -2.73088      0.85
 0.940645  -2.72754      0.85
 0.940795   -2.7242      0.85
 0.940945  -2.72087      0.85
 0.941096  -2.71754      0.85
 0.941246  -2.71422      0.85
 0.941396   -2.7109      0.85
 0.941546  -2.70759      0.85
 0.941696  -2.70429      0.85
 0.941846  -2.70099      0.85
 0.941996  -2.69769      0.85
 0.942146   -2.6944      0.85
 0.942296  -2.69111      0.85
 0.942446  -2.68783      0.85
 0.942596  -2.68456      0.85
 0.942746  -2.68129      0.85
 0.942896  -2.67802      0.85
 0.943047  -2.67476      0.85
 0.943197  -2.67151      0.85
 0.943347  -2.66826      0.85
 0.943497  -2.66501      0.85
 0.943647  -2.66177      0.85
 0.943797  -2.65853      0.85
 0.943947   -2.6553      0.85
 0.944097  -2.65208      0.85
 0.944247  -2.64886      0.85
 0.944397  -2.64564      0.85
 0.944547  -2.64243      0.85
 0.944697  -2.63922      0.85
 0.944847  -2.63602      0.85
 0.944997  -2.63283      0.85
 0.945148  -2.62964      0.85
 0.945298  -2.62645      0.85
 0.945448  -2.62327      0.85
 0.945598  -2.62009      0.85
 0.945748  -2.61692      0.85
 0.945898  -2.61375      0.85
 0.946048  -2.61059      0.85
 0.946198  -2.60743      0.85
 0.946348  -2.60428      0.85
 0.946498  -2.60113      0.85
 0.946648  -2.59799      0.85
 0.946798  -2.59485      0.85
 0.946948  -2.59172      0.85
 0.947099  -2.58859      0.85
 0.947249  -2.58547      0.85
 0.947399  -2.58235      0.85
 0.947549  -2.57923      0.85
 0.947699  -2.57612      0.85
 0.947849  -2.57302      0.85
 0.947999  -2.56992      0.85
 0.948149  -2.56682      0.85
 0.948299  -2.56373      0.85
 0.948449  -2.56065      0.85
 0.948599  -2.55756      0.85
 0.948749  -2.55449      0.85
 0.948899  -2.55142      0.85
  0.94905  -2.54835      0.85
   0.9492  -2.54529      0.85
  0.94935  -2.54223      0.85
   0.9495  -2.53917      0.85
  0.94965  -2.53612      0.85
   0.9498  -2.53308      0.85
  0.94995  -2.53004      0.85
   0.9501  -2.52701      0.85
  0.95025  -2.52398      0.85
   0.9504  -2.52095      0.85
  0.95055  -2.51793      0.85
   0.9507  -2.51491      0.85
  0.95085   -2.5119      0.85
 0.951001  -2.50889      0.85
 0.951151  -2.50589      0.85
 0.951301  -2.50289      0.85
 0.951451   -2.4999      0.85
 0.951601  -2.49691      0.85
 0.951751  -2.49392      0.85
 0.951901  -2.49094      0.85
 0.952051  -2.48796      0.85
 0.952201  -2.48499      0.85
 0.952351  -2.48203      0.85
 0.952501  -2.47906      0.85
 0.952651  -2.47611      0.85
 0.952801  -2.47315      0.85
 0.952951   -2.4702      0.85
 0.953102  -2.46726      0.85
 0.953252  -2.46432      0.85
 0.953402  -2.46138      0.85
 0.953552  -2.45845      0.85
 0.953702  -2.45552      0.85
 0.953852   -2.4526      0.85
 0.954002  -2.44968      0.85
 0.954152  -2.44677      0.85
 0.954302  -2.44386      0.85
 0.954452  -2.44095      0.85
 0.954602  -2.43805      0.85
 0.954752  -2.43515      0.85
 0.954902  -2.43226      0.85
 0.955053  -2.42937      0.85
 0.955203  -2.42649      0.85
 0.955353  -2.42361      0.85
 0.955503  -2.42074      0.85
 0.955653  -2.41787      0.85
 0.955803    -2.415      0.85
 0.955953  -2.41214      0.85
 0.956103  -2.40928      0.85
 0.956253  -2.40643      0.85
 0.956403  -2.40358      0.85
 0.956553  -2.40073      0.85
 0.956703  -2.39789      0.85
 0.956853  -2.39505      0.85
 0.957004  -2.39222      0.85
 0.957154  -2.38939      0.85
 0.957304  -2.38657      0.85
 0.957454  -2.38375      0.85
 0.957604  -2.38093      0.85
 0.957754  -2.37812      0.85
 0.957904  -2.37532      0.85
 0.958054  -2.37251      0.85
 0.958204  -2.36971      0.85
 0.958354  -2.36692      0.85
 0.958504  -2.36413      0.85
 0.958654  -2.36134      0.85
 0.958804  -2.35856      0.85
 0.958954  -2.35578      0.85
 0.959105  -2.35301      0.85
 0.959255  -2.35024      0.85
 0.959405  -2.34747      0.85
 0.959555  -2.34471      0.85
 0.959705  -2.34195      0.85
 0.959855   -2.3392      0.85
 0.960005  -2.33645      0.85
 0.960155  -2.33371      0.85
 0.960305  -2.33096      0.85
 0.960455  -2.32823      0.85
 0.960605  -2.32549      0.85
 0.960755  -2.32276      0.85
 0.960905  -2.32004      0.85
 0.961056  -2.31732      0.85
 0.961206   -2.3146      0.85
 0.961356  -2.31189      0.85
 0.961506  -2.30918      0.85
 0.961656  -2.30647      0.85
 0.961806  -2.30377      0.85
 0.961956  -2.30108      0.85
 0.962106  -2.29838      0.85
 0.962256  -2.29569      0.85
 0.962406  -2.29301      0.85
 0.962556  -2.29033      0.85
 0.962706  -2.28765      0.85
 0.962856  -2.28498      0.85
 0.963007  -2.28231      0.85
 0.963157  -2.27964      0.85
 0.963307  -2.27698      0.85
 0.963457  -2.27432      0.85
 0.963607  -2.27167      0.85
 0.963757  -2.26902      0.85
 0.963907  -2.26638      0.85
 0.964057  -2.26373      0.85
 0.964207   -2.2611      0.85
 0.964357  -2.25846      0.85
 0.964507  -2.25583      0.85
 0.964657   -2.2532      0.85
 0.964807  -2.25058      0.85
 0.964957  -2.24796      0.85
 0.965108  -2.24535      0.85
 0.965258  -2.24274      0.85
 0.965408  -2.24013      0.85
 0.965558  -2.23753      0.85
 0.965708  -2.23493      0.85
 0.965858  -2.23233      0.85
 0.966008  -2.22974      0.85
 0.966158  -2.22715      0.85
 0.966308  -2.22457      0.85
 0.966458  -2.22199      0.85
 0.966608  -2.21941      0.85
 0.966758  -2.21684      0.85
 0.966908  -2.21427      0.85
 0.967059   -2.2117      0.85
 0.967209  -2.20914      0.85
 0.967359  -2.20658      0.85
 0.967509  -2.20403      0.85
 0.967659  -2.20148      0.85
 0.967809  -2.19893      0.85
 0.967959  -2.19639      0.85
 0.968109  -2.19385      0.85
 0.968259  -2.19131      0.85
 0.968409  -2.18878      0.85
 0.968559  -2.18625      0.85
 0.968709  -2.18373      0.85
 0.968859   -2.1812      0.85
  0.96901  -2.17869      0.85
  0.96916  -2.17617      0.85
  0.96931  -2.17366      0.85
  0.96946  -2.17116      0.85
  0.96961  -2.16865      0.85
  0.96976  -2.16616      0.85
  0.96991  -2.16366      0.85
  0.97006  -2.16117      0.85
  0.97021  -2.15868      0.85
  0.97036  -2.15619      0.85
  0.97051  -2.15371      0.85
  0.97066  -2.15124      0.85
  0.97081  -2.14876      0.85
  0.97096  -2.14629      0.85
 0.971111  -2.14383      0.85
 0.971261  -2.14136      0.85
 0.971411   -2.1389      0.85
 0.971561  -2.13645      0.85
 0.971711  -2.13399      0.85
 0.971861  -2.13155      0.85
 0.972011   -2.1291      0.85
 0.972161  -2.12666      0.85
 0.972311  -2.12422      0.85
 0.972461  -2.12179      0.85
 0.972611  -2.11935      0.85
 0.972761  -2.11693      0.85
 0.972911   -2.1145      0.85
 0.973062  -2.11208      0.85
 0.973212  -2.10966      0.85
 0.973362  -2.10725      0.85
 0.973512  -2.10484      0.85
 0.973662  -2.10243      0.85
 0.973812  -2.10003      0.85
 0.973962  -2.09763      0.85
 0.974112  -2.09523      0.85
 0.974262  -2.09284      0.85
 0.974412  -2.09045      0.85
 0.974562  -2.08807      0.85
 0.974712  -2.08568      0.85
 0.974862   -2.0833      0.85
 0.975013  -2.08093      0.85
 0.975163  -2.07855      0.85
 0.975313  -2.07619      0.85
 0.975463  -2.07382      0.85
 0.975613  -2.07146      0.85
 0.975763   -2.0691      0.85
 0.975913  -2.06674      0.85
 0.976063  -2.06439      0.85
 0.976213  -2.06204      0.85
 0.976363   -2.0597      0.85
 0.976513  -2.05736      0.85
 0.976663  -2.05502      0.85
 0.976813  -2.05268      0.85
 0.976963  -2.05035      0.85
 0.977114  -2.04802      0.85
 0.977264   -2.0457      0.85
 0.977414  -2.04338      0.85
 0.977564  -2.04106      0.85
 0.977714  -2.03874      0.85
 0.977864  -2.03643      0.85
 0.978014  -2.03412      0.85
 0.978164  -2.03182      0.85
 0.978314  -2.02951      0.85
 0.978464  -2.02721      0.85
 0.978614  -2.02492      0.85
 0.978764  -2.02263      0.85
 0.978914  -2.02034      0.85
 0.979065  -2.01805      0.85
 0.979215  -2.01577      0.85
 0.979365  -2.01349      0.85
 0.979515  -2.01122      0.85
 0.979665  -2.00894      0.85
 0.979815  -2.00667      0.85
 0.979965  -2.00441      0.85
 0.980115  -2.00214      0.85
 0.980265  -1.99988      0.85
 0.980415  -1.99763      0.85
 0.980565  -1.99537      0.85
 0.980715  -1.99312      0.85
 0.980865  -1.99088      0.85
 0.981016  -1.98863      0.85
 0.981166  -1.98639      0.85
 0.981316  -1.98416      0.85
 0.981466  -1.98192      0.85
 0.981616  -1.97969      0.85
 0.981766  -1.97746      0.85
 0.981916  -1.97524      0.85
 0.982066  -1.97302      0.85
 0.982216   -1.9708      0.85
 0.982366  -1.96858      0.85
 0.982516  -1.96637      0.85
 0.982666  -1.96416      0.85
 0.982816  -1.96196      0.85
 0.982966  -1.95975      0.85
 0.983117  -1.95755      0.85
 0.983267  -1.95536      0.85
 0.983417  -1.95316      0.85
 0.983567  -1.95097      0.85
 0.983717  -1.94879      0.85
 0.983867   -1.9466      0.85
 0.984017  -1.94442      0.85
 0.984167  -1.94224      0.85
 0.984317  -1.94007      0.85
 0.984467   -1.9379      0.85
 0.984617  -1.93573      0.85
 0.984767  -1.93356      0.85
 0.984917   -1.9314      0.85
 0.985068  -1.92924      0.85
 0.985218  -1.92708      0.85
 0.985368  -1.92493      0.85
 0.985518  -1.92278      0.85
 0.985668  -1.92063      0.85
 0.985818  -1.91849      0.85
 0.985968  -1.91635      0.85
 0.986118  -1.91421      0.85
 0.986268  -1.91207      0.85
 0.986418  -1.90994      0.85
 0.986568  -1.90781      0.85
 0.986718  -1.90569      0.85
 0.986868  -1.90356      0.85
 0.987019  -1.90144      0.85
 0.987169  -1.89932      0.85
 0.987319  -1.89721      0.85
 0.987469   -1.8951      0.85
 0.987619  -1.89299      0.85
 0.987769  -1.89088      0.85
 0.987919  -1.88878      0.85
 0.988069  -1.88668      0.85
 0.988219  -1.88459      0.85
 0.988369  -1.88249      0.85
 0.988519   -1.8804      0.85
 0.988669  -1.87831      0.85
 0.988819  -1.87623      0.85
 0.988969  -1.87415      0.85
  0.98912  -1.87207      0.85
  0.98927  -1.86999      0.85
  0.98942  -1.86792      0.85
  0.98957  -1.86585      0.85
  0.98972  -1.86378      0.85
  0.98987  -1.86171      0.85
  0.99002  -1.85965      0.85
  0.99017  -1.85759      0.85
  0.99032  -1.85554      0.85
  0.99047  -1.85348      0.85
  0.99062  -1.85143      0.85
  0.99077  -1.84939      0.85
  0.99092  -1.84734      0.85
 0.991071   -1.8453      0.85
 0.991221  -1.84326      0.85
 0.991371  -1.84123      0.85
 0.991521  -1.83919      0.85
 0.991671  -1.83716      0.85
 0.991821  -1.83513      0.85
 0.991971  -1.83311      0.85
 0.992121  -1.83109      0.85
 0.992271  -1.82907      0.85
 0.992421  -1.82705      0.85
 0.992571  -1.82504      0.85
 0.992721  -1.82303      0.85
 0.992871  -1.82102      0.85
 0.993022  -1.81902      0.85
 0.993172  -1.81701      0.85
 0.993322  -1.81501      0.85
 0.993472  -1.81302      0.85
 0.993622  -1.81102      0.85
 0.993772  -1.80903      0.85
 0.993922  -1.80704      0.85
 0.994072  -1.80506      0.85
 0.994222  -1.80307      0.85
 0.994372  -1.80109      0.85
 0.994522  -1.79912      0.85
 0.994672  -1.79714      0.85
 0.994822  -1.79517      0.85
 0.994972   -1.7932      0.85
 0.995123  -1.79123      0.85
 0.995273  -1.78927      0.85
 0.995423  -1.78731      0.85
 0.995573  -1.78535      0.85
 0.995723  -1.78339      0.85
 0.995873  -1.78144      0.85
 0.996023  -1.77949      0.85
 0.996173  -1.77754      0.85
 0.996323   -1.7756      0.85
 0.996473  -1.77366      0.85
 0.996623  -1.77172      0.85
 0.996773  -1.76978      0.85
 0.996923  -1.76785      0.85
 0.997074  -1.76591      0.85
 0.997224  -1.76398      0.85
 0.997374  -1.76206      0.85
 0.997524  -1.76013      0.85
 0.997674  -1.75821      0.85
 0.997824   -1.7563      0.85
 0.997974  -1.75438      0.85
 0.998124  -1.75247      0.85
 0.998274  -1.75056      0.85
 0.998424  -1.74865      0.85
 0.998574  -1.74674      0.85
 0.998724  -1.74484      0.85
 0.998874  -1.74294      0.85
 0.999025  -1.74104      0.85
 0.999175  -1.73915      0.85
 0.999325  -1.73726      0.85
 0.999475  -1.73537      0.85
 0.999625  -1.73348      0.85
 0.999775   -1.7316      0.85
 0.999925  -1.72971      0.85
  1.00008  -1.72783      0.85
  1.00023  -1.72596      0.85
  1.00038  -1.72408      0.85
  1.00053  -1.72221      0.85
  1.00068  -1.72034      0.85
  1.00083  -1.71848      0.85
  1.00098  -1.71661      0.85
  1.00113  -1.71475      0.85
  1.00128  -1.71289      0.85
  1.00143  -1.71104      0.85
  1.00158  -1.70918      0.85
  1.00173  -1.70733      0.85
  1.00188  -1.70548      0.85
  1.00203  -1.70364      0.85
  1.00218  -1.70179      0.85
  1.00233  -1.69995      0.85
  1.00248  -1.69811      0.85
  1.00263  -1.69628      0.85
  1.00278  -1.69444      0.85
  1.00293  -1.69261      0.85
  1.00308  -1.69078      0.85
  1.00323  -1.68896      0.85
  1.00338  -1.68713      0.85
  1.00353  -1.68531      0.85
  1.00368   -1.6835      0.85
  1.00383  -1.68168      0.85
  1.00398  -1.67987      0.85
  1.00413  -1.67805      0.85
  1.00428  -1.67625      0.85
  1.00443  -1.67444      0.85
  1.00458  -1.67264      0.85
  1.00473  -1.67083      0.85
  1.00488  -1.66903      0.85
  1.00503  -1.66724      0.85
  1.00518  -1.66544      0.85
  1.00533  -1.66365      0.85
  1.00548  -1.66186      0.85
  1.00563  -1.66008      0.85
  1.00578  -1.65829      0.85
  1.00593  -1.65651      0.85
  1.00608  -1.65473      0.85
  1.00623  -1.65295      0.85
  1.00638  -1.65118      0.85
  1.00653  -1.64941      0.85
  1.00668  -1.64764      0.85
  1.00683  -1.64587      0.85
  1.00698   -1.6441      0.85
  1.00713  -1.64234      0.85
  1.00728  -1.64058      0.85
  1.00743  -1.63882      0.85
  1.00758  -1.63707      0.85
  1.00773  -1.63531      0.85
  1.00788  -1.63356      0.85
  1.00803  -1.63181      0.85
  1.00818  -1.63007      0.85
  1.00833  -1.62832      0.85
  1.00848  -1.62658      0.85
  1.00863  -1.62484      0.85
  1.00878  -1.62311      0.85
  1.00893  -1.62137      0.85
  1.00908  -1.61964      0.85
  1.00923  -1.61791      0.85
  1.00938  -1.61618      0.85
  1.00953  -1.61446      0.85
  1.00968  -1.61274      0.85
  1.00983  -1.61102      0.85
  1.00998   -1.6093      0.85
  1.01013  -1.60758      0.85
  1.01028  -1.60587      0.85
  1.01043  -1.60416      0.85
  1.01058  -1.60245      0.85
  1.01073  -1.60074      0.85
  1.01088  -1.59904      0.85
  1.01103  -1.59734      0.85
  1.01118  -1.59564      0.85
  1.01133  -1.59394      0.85
  1.01148  -1.59224      0.85
  1.01163  -1.59055      0.85
  1.01178  -1.58886      0.85
  1.01193  -1.58717      0.85
  1.01208  -1.58548      0.85
  1.01223   -1.5838      0.85
  1.01238  -1.58212      0.85
  1.01253  -1.58044      0.85
  1.01268  -1.57876      0.85
  1.01283  -1.57709      0.85
  1.01298  -1.57541      0.85
  1.01313  -1.57374      0.85
  1.01328  -1.57208      0.85
  1.01343  -1.57041      0.85
  1.01358  -1.56875      0.85
  1.01373  -1.56709      0.85
  1.01388  -1.56543      0.85
  1.01403  -1.56377      0.85
  1.01418  -1.56211      0.85
  1.01433  -1.56046      0.85
  1.01448  -1.55881      0.85
  1.01463  -1.55716      0.85
  1.01478  -1.55552      0.85
  1.01493  -1.55387      0.85
  1.01508  -1.55223      0.85
  1.01523  -1.55059      0.85
  1.01538  -1.54895      0.85
  1.01553  -1.54732      0.85
  1.01568  -1.54569      0.85
  1.01583  -1.54406      0.85
  1.01598  -1.54243      0.85
  1.01613   -1.5408      0.85
  1.01628  -1.53918      0.85
  1.01643  -1.53755      0.85
  1.01658  -1.53593      0.85
  1.01673  -1.53432      0.85
  1.01688   -1.5327      0.85
  1.01703  -1.53109      0.85
  1.01718  -1.52948      0.85
  1.01733  -1.52787      0.85
  1.01748  -1.52626      0.85
  1.01763  -1.52465      0.85
  1.01778  -1.52305      0.85
  1.01793  -1.52145      0.85
  1.01808  -1.51985      0.85
  1.01823  -1.51826      0.85
  1.01838  -1.51666      0.85
  1.01853  -1.51507      0.85
  1.01868  -1.51348      0.85
  1.01883  -1.51189      0.85
  1.01898   -1.5103      0.85
  1.01913  -1.50872      0.85
  1.01928  -1.50714      0.85
  1.01943  -1.50556      0.85
  1.01958  -1.50398      0.85
  1.01973  -1.50241      0.85
  1.01988  -1.50083      0.85
  1.02004  -1.49926      0.85
  1.02019  -1.49769      0.85
  1.02034  -1.49613      0.85
  1.02049  -1.49456      0.85
  1.02064    -1.493      0.85
  1.02079  -1.49144      0.85
  1.02094  -1.48988      0.85
  1.02109  -1.48832      0.85
  1.02124  -1.48677      0.85
  1.02139  -1.48521      0.85
  1.02154  -1.48366      0.85
  1.02169  -1.48211      0.85
  1.02184  -1.48057      0.85
  1.02199  -1.47902      0.85
  1.02214  -1.47748      0.85
  1.02229  -1.47594      0.85
  1.02244   -1.4744      0.85
  1.02259  -1.47286      0.85
  1.02274  -1.47133      0.85
  1.02289   -1.4698      0.85
  1.02304  -1.46827      0.85
  1.02319  -1.46674      0.85
  1.02334  -1.46521      0.85
  1.02349  -1.46369      0.85
  1.02364  -1.46216      0.85
  1.02379  -1.46064      0.85
  1.02394  -1.45913      0.85
  1.02409  -1.45761      0.85
  1.02424  -1.45609      0.85
  1.02439  -1.45458      0.85
  1.02454  -1.45307      0.85
  1.02469  -1.45156      0.85
  1.02484  -1.45006      0.85
  1.02499  -1.44855      0.85
  1.02514  -1.44705      0.85
  1.02529  -1.44555      0.85
  1.02544  -1.44405      0.85
  1.02559  -1.44255      0.85
  1.02574  -1.44106      0.85
  1.02589  -1.43956      0.85
  1.02604  -1.43807      0.85
  1.02619  -1.43659      0.85
  1.02634   -1.4351      0.85
  1.02649  -1.43361      0.85
  1.02664  -1.43213      0.85
  1.02679  -1.43065      0.85
  1.02694  -1.42917      0.85
  1.02709  -1.42769      0.85
  1.02724  -1.42622      0.85
  1.02739  -1.42474      0.85
  1.02754  -1.42327      0.85
  1.02769   -1.4218      0.85
  1.02784  -1.42033      0.85
  1.02799  -1.41887      0.85
  1.02814   -1.4174      0.85
  1.02829  -1.41594      0.85
  1.02844  -1.41448      0.85
  1.02859  -1.41302      0.85
  1.02874  -1.41157      0.85
  1.02889  -1.41011      0.85
  1.02904  -1.40866      0.85
  1.02919  -1.40721      0.85
  1.02934  -1.40576      0.85
  1.02949  -1.40431      0.85
  1.02964  -1.40287      0.85
  1.02979  -1.40143      0.85
  1.02994  -1.39998      0.85
  1.03009  -1.39855      0.85
  1.03024  -1.39711      0.85
  1.03039  -1.39567      0.85
  1.03054  -1.39424      0.85
  1.03069  -1.39281      0.85
  1.03084  -1.39138      0.85
  1.03099  -1.38995      0.85
  1.03114  -1.38852      0.85
  1.03129   -1.3871      0.85
  1.03144  -1.38567      0.85
  1.03159  -1.38425      0.85
  1.03174  -1.38283      0.85
  1.03189  -1.38142      0.85
  1.03204     -1.38      0.85
  1.03219  -1.37859      0.85
  1.03234  -1.37718      0.85
  1.03249  -1.37577      0.85
  1.03264  -1.37436      0.85
  1.03279  -1.37295      0.85
  1.03294  -1.37155      0.85
  1.03309  -1.37015      0.85
  1.03324  -1.36874      0.85
  1.03339  -1.36735      0.85
  1.03354  -1.36595      0.85
  1.03369  -1.36455      0.85
  1.03384  -1.36316      0.85
  1.03399  -1.36177      0.85
  1.03414  -1.36038      0.85
  1.03429  -1.35899      0.85
  1.03444   -1.3576      0.85
  1.03459  -1.35622      0.85
  1.03474  -1.35483      0.85
  1.03489  -1.35345      0.85
  1.03504  -1.35207      0.85
  1.03519   -1.3507      0.85
  1.03534  -1.34932      0.85
  1.03549  -1.34795      0.85
  1.03564  -1.34657      0.85
  1.03579   -1.3452      0.85
  1.03594  -1.34384      0.85
  1.03609  -1.34247      0.85
  1.03624   -1.3411      0.85
  1.03639  -1.33974      0.85
  1.03654  -1.33838      0.85
  1.03669  -1.33702      0.85
  1.03684  -1.33566      0.85
  1.03699   -1.3343      0.85
  1.03714  -1.33295      0.85
  1.03729  -1.33159      0.85
  1.03744  -1.33024      0.85
  1.03759  -1.32889      0.85
  1.03774  -1.32755      0.85
  1.03789   -1.3262      0.85
  1.03804  -1.32486      0.85
  1.03819  -1.32351      0.85
  1.03834  -1.32217      0.85
  1.03849  -1.32083      0.85
  1.03864  -1.31949      0.85
  1.03879  -1.31816      0.85
  1.03894  -1.31682      0.85
  1.03909  -1.31549      0.85
  1.03924  -1.31416      0.85
  1.03939  -1.31283      0.85
  1.03954  -1.31151      0.85
  1.03969  -1.31018      0.85
  1.03984  -1.30886      0.85
  1.03999  -1.30753      0.85
  1.04015  -1.30621      0.85
   1.0403  -1.30489      0.85
  1.04045  -1.30358      0.85
   1.0406  -1.30226      0.85
  1.04075  -1.30095      0.85
   1.0409  -1.29963      0.85
  1.04105  -1.29832      0.85
   1.0412  -1.29702      0.85
  1.04135  -1.29571      0.85
   1.0415   -1.2944      0.85
  1.04165   -1.2931      0.85
   1.0418   -1.2918      0.85
  1.04195   -1.2905      0.85
   1.0421   -1.2892      0.85
  1.04225   -1.2879      0.85
   1.0424   -1.2866      0.85
  1.04255  -1.28531      0.85
   1.0427  -1.28402      0.85
  1.04285  -1.28273      0.85
    1.043  -1.28144      0.85
  1.04315  -1.28015      0.85
   1.0433  -1.27886      0.85
  1.04345  -1.27758      0.85
   1.0436   -1.2763      0.85
  1.04375  -1.27502      0.85
   1.0439  -1.27374      0.85
  1.04405  -1.27246      0.85
   1.0442  -1.27118      0.85
  1.04435  -1.26991      0.85
   1.0445  -1.26864      0.85
  1.04465  -1.26736      0.85
   1.0448  -1.26609      0.85
  1.04495  -1.26483      0.85
   1.0451  -1.26356      0.85
  1.04525   -1.2623      0.85
   1.0454  -1.26103      0.85
  1.04555  -1.25977      0.85
   1.0457  -1.25851      0.85
  1.04585  -1.25725      0.85
    1.046  -1.25599      0.85
  1.04615  -1.25474      0.85
   1.0463  -1.25349      0.85
  1.04645  -1.25223      0.85
   1.0466  -1.25098      0.85
  1.04675  -1.24973      0.85
   1.0469  -1.24849      0.85
  1.04705  -1.24724      0.85
   1.0472    -1.246      0.85
  1.04735  -1.24475      0.85
   1.0475  -1.24351      0.85
  1.04765  -1.24227      0.85
   1.0478  -1.24103      0.85
  1.04795   -1.2398      0.85
   1.0481  -1.23856      0.85
  1.04825  -1.23733      0.85
   1.0484   -1.2361      0.85
  1.04855  -1.23487      0.85
   1.0487  -1.23364      0.85
  1.04885  -1.23241      0.85
    1.049  -1.23119      0.85
  1.04915  -1.22996      0.85
   1.0493  -1.22874      0.85
  1.04945  -1.22752      0.85
   1.0496   -1.2263      0.85
  1.04975  -1.22508      0.85
   1.0499  -1.22386      0.85
  1.05005  -1.22265      0.85
   1.0502  -1.22144      0.85
  1.05035  -1.22022      0.85
   1.0505  -1.21901      0.85
  1.05065   -1.2178      0.85
   1.0508   -1.2166      0.85
  1.05095  -1.21539      0.85
   1.0511  -1.21419      0.85
  1.05125  -1.21298      0.85
   1.0514  -1.21178      0.85
  1.05155  -1.21058      0.85
   1.0517  -1.20938      0.85
  1.05185  -1.20819      0.85
    1.052  -1.20699      0.85
  1.05215   -1.2058      0.85
   1.0523  -1.20461      0.85
  1.05245  -1.20341      0.85
   1.0526  -1.20222      0.85
  1.05275  -1.20104      0.85
   1.0529  -1.19985      0.85
  1.05305  -1.19867      0.85
   1.0532  -1.19748      0.85
  1.05335   -1.1963      0.85
   1.0535  -1.19512      0.85
  1.05365  -1.19394      0.85
   1.0538  -1.19276      0.85
  1.05395  -1.19159      0.85
   1.0541  -1.19041      0.85
  1.05425  -1.18924      0.85
   1.0544  -1.18807      0.85
  1.05455   -1.1869      0.85
   1.0547  -1.18573      0.85
  1.05485  -1.18456      0.85
    1.055  -1.18339      0.85
  1.05515  -1.18223      0.85
   1.0553  -1.18107      0.85
  1.05545   -1.1799      0.85
   1.0556  -1.17874      0.85
  1.05575  -1.17759      0.85
   1.0559  -1.17643      0.85
  1.05605  -1.17527      0.85
   1.0562  -1.17412      0.85
  1.05635  -1.17296      0.85
   1.0565  -1.17181      0.85
  1.05665  -1.17066      0.85
   1.0568  -1.16951      0.85
  1.05695  -1.16837      0.85
   1.0571  -1.16722      0.85
  1.05725  -1.16608      0.85
   1.0574  -1.16493      0.85
  1.05755  -1.16379      0.85
   1.0577  -1.16265      0.85
  1.05785  -1.16151      0.85
    1.058  -1.16037      0.85
  1.05815  -1.15924      0.85
   1.0583   -1.1581      0.85
  1.05845  -1.15697      0.85
   1.0586  -1.15584      0.85
  1.05875  -1.15471      0.85
   1.0589  -1.15358      0.85
  1.05905  -1.15245      0.85
   1.0592  -1.15133      0.85
  1.05935   -1.1502      0.85
   1.0595  -1.14908      0.85
  1.05965  -1.14795      0.85
   1.0598  -1.14683      0.85
  1.05995  -1.14571      0.85
  1.06011   -1.1446      0.85
  1.06026  -1.14348      0.85
  1.06041  -1.14236      0.85
  1.06056  -1.14125      0.85
  1.06071  -1.14014      0.85
  1.06086  -1.13903      0.85
  1.06101  -1.13792      0.85
  1.06116  -1.13681      0.85
  1.06131   -1.1357      0.85
  1.06146   -1.1346      0.85
  1.06161  -1.13349      0.85
  1.06176  -1.13239      0.85
  1.06191  -1.13129      0.85
  1.06206  -1.13019      0.85
  1.06221  -1.12909      0.85
  1.06236  -1.12799      0.85
  1.06251  -1.12689      0.85
  1.06266   -1.1258      0.85
  1.06281  -1.12471      0.85
  1.06296  -1.12361      0.85
  1.06311  -1.12252      0.85
  1.06326  -1.12143      0.85
  1.06341  -1.12034      0.85
  1.06356  -1.11926      0.85
  1.06371  -1.11817      0.85
  1.06386  -1.11709      0.85
  1.06401  -1.11601      0.85
  1.06416  -1.11492      0.85
  1.06431  -1.11384      0.85
  1.06446  -1.11276      0.85
  1.06461  -1.11169      0.85
  1.06476  -1.11061      0.85
  1.06491  -1.10954      0.85
  1.06506  -1.10846      0.85
  1.06521  -1.10739      0.85
  1.06536  -1.10632      0.85
  1.06551  -1.10525      0.85
  1.06566  -1.10418      0.85
  1.06581  -1.10311      0.85
  1.06596  -1.10205      0.85
  1.06611  -1.10098      0.85
  1.06626  -1.09992      0.85
  1.06641  -1.09886      0.85
  1.06656   -1.0978      0.85
  1.06671  -1.09674      0.85
  1.06686  -1.09568      0.85
  1.06701  -1.09462      0.85
  1.06716  -1.09357      0.85
  1.06731  -1.09251      0.85
  1.06746  -1.09146      0.85
  1.06761  -1.09041      0.85
  1.06776  -1.08936      0.85
  1.06791  -1.08831      0.85
  1.06806  -1.08726      0.85
  1.06821  -1.08621      0.85
  1.06836  -1.08517      0.85
  1.06851  -1.08412      0.85
  1.06866  -1.08308      0.85
  1.06881  -1.08204      0.85
  1.06896    -1.081      0.85
  1.06911  -1.07996      0.85
  1.06926  -1.07892      0.85
  1.06941  -1.07789      0.85
  1.06956  -1.07685      0.85
  1.06971  -1.07582      0.85
  1.06986  -1.07479      0.85
  1.07001  -1.07375      0.85
  1.07016  -1.07272      0.85
  1.07031  -1.07169      0.85
  1.07046  -1.07067      0.85
  1.07061  -1.06964      0.85
  1.07076  -1.06862      0.85
  1.07091  -1.06759      0.85
  1.07106  -1.06657      0.85
  1.07121  -1.06555      0.85
  1.07136  -1.06453      0.85
  1.07151  -1.06351      0.85
  1.07166  -1.06249      0.85
  1.07181  -1.06147      0.85
  1.07196  -1.06046      0.85
  1.07211  -1.05944      0.85
  1.07226  -1.05843      0.85
  1.07241  -1.05742      0.85
  1.07256  -1.05641      0.85
  1.07271   -1.0554      0.85
  1.07286  -1.05439      0.85
  1.07301  -1.05338      0.85
  1.07316  -1.05238      0.85
  1.07331  -1.05137      0.85
  1.07346  -1.05037      0.85
  1.07361  -1.04937      0.85
  1.07376  -1.04837      0.85
  1.07391  -1.04737      0.85
  1.07406  -1.04637      0.85
  1.07421  -1.04537      0.85
  1.07436  -1.04438      0.85
  1.07451  -1.04338      0.85
  1.07466  -1.04239      0.85
  1.07481   -1.0414      0.85
  1.07496  -1.04041      0.85
  1.07511  -1.03942      0.85
  1.07526  -1.03843      0.85
  1.07541  -1.03744      0.85
  1.07556  -1.03645      0.85
  1.07571  -1.03547      0.85
  1.07586  -1.03448      0.85
  1.07601   -1.0335      0.85
  1.07616  -1.03252      0.85
  1.07631  -1.03154      0.85
  1.07646  -1.03056      0.85
  1.07661  -1.02958      0.85
  1.07676   -1.0286      0.85
  1.07691  -1.02763      0.85
  1.07706  -1.02665      0.85
  1.07721  -1.02568      0.85
  1.07736  -1.02471      0.85
  1.07751  -1.02374      0.85
  1.07766  -1.02277      0.85
  1.07781   -1.0218      0.85
  1.07796  -1.02083      0.85
  1.07811  -1.01986      0.85
  1.07826   -1.0189      0.85
  1.07841  -1.01793      0.85
  1.07856  -1.01697      0.85
  1.07871  -1.01601      0.85
  1.07886  -1.01505      0.85
  1.07901  -1.01409      0.85
  1.07916  -1.01313      0.85
  1.07931  -1.01217      0.85
  1.07946  -1.01121      0.85
  1.07961  -1.01026      0.85
  1.07976   -1.0093      0.85
  1.07991  -1.00835      0.85
  1.08007   -1.0074      0.85
  1.08022  -1.00645      0.85
  1.08037   -1.0055      0.85
  1.08052  -1.00455      0.85
  1.08067   -1.0036      0.85
  1.08082  -1.00266      0.85
  1.08097  -1.00171      0.85
  1.08112  -1.00077      0.85
  1.08127 -0.999827      0.85
  1.08142 -0.998886      0.85
  1.08157 -0.997945      0.85
  1.08172 -0.997006      0.85
  1.08187 -0.996067      0.85
  1.08202  -0.99513      0.85
  1.08217 -0.994194      0.85
  1.08232 -0.993259      0.85
  1.08247 -0.992326      0.85
  1.08262 -0.991393      0.85
  1.08277 -0.990461      0.85
  1.08292 -0.989531      0.85
  1.08307 -0.988601      0.85
  1.08322 -0.987673      0.85
  1.08337 -0.986746      0.85
  1.08352  -0.98582      0.85
  1.08367 -0.984895      0.85
  1.08382 -0.983971      0.85
  1.08397 -0.983048      0.85
  1.08412 -0.982126      0.85
  1.08427 -0.981206      0.85
  1.08442 -0.980286      0.85
  1.08457 -0.979368      0.85
  1.08472  -0.97845      0.85
  1.08487 -0.977534      0.85
  1.08502 -0.976619      0.85
  1.08517 -0.975705      0.85
  1.08532 -0.974792      0.85
  1.08547  -0.97388      0.85
  1.08562 -0.972969      0.85
  1.08577 -0.972059      0.85
  1.08592  -0.97115      0.85
  1.08607 -0.970243      0.85
  1.08622 -0.969336      0.85
  1.08637 -0.968431      0.85
  1.08652 -0.967526      0.85
  1.08667 -0.966623      0.85
  1.08682  -0.96572      0.85
  1.08697 -0.964819      0.85
  1.08712 -0.963919      0.85
  1.08727  -0.96302      0.85
  1.08742 -0.962122      0.85
  1.08757 -0.961225      0.85
  1.08772 -0.960329      0.85
  1.08787 -0.959434      0.85
  1.08802  -0.95854      0.85
  1.08817 -0.957647      0.85
  1.08832 -0.956755      0.85
  1.08847 -0.955864      0.85
  1.08862 -0.954975      0.85
  1.08877 -0.954086      0.85
  1.08892 -0.953198      0.85
  1.08907 -0.952312      0.85
  1.08922 -0.951426      0.85
  1.08937 -0.950542      0.85
  1.08952 -0.949658      0.85
  1.08967 -0.948776      0.85
  1.08982 -0.947894      0.85
  1.08997 -0.947014      0.85
  1.09012 -0.946135      0.85
  1.09027 -0.945257      0.85
  1.09042 -0.944379      0.85
  1.09057 -0.943503      0.85
  1.09072 -0.942628      0.85
  1.09087 -0.941754      0.85
  1.09102  -0.94088      0.85
  1.09117 -0.940008      0.85
  1.09132 -0.939137      0.85
  1.09147 -0.938267      0.85
  1.09162 -0.937398      0.85
  1.09177  -0.93653      0.85
  1.09192 -0.935663      0.85
  1.09207 -0.934797      0.85
  1.09222 -0.933932      0.85
  1.09237 -0.933068      0.85
  1.09252 -0.932205      0.85
  1.09267 -0.931343      0.85
  1.09282 -0.930482      0.85
  1.09297 -0.929622      0.85
  1.09312 -0.928763      0.85
  1.09327 -0.927904      0.85
  1.09342 -0.927047      0.85
  1.09357 -0.926191      0.85
  1.09372 -0.925336      0.85
  1.09387 -0.924482      0.85
  1.09402 -0.923629      0.85
  1.09417 -0.922777      0.85
  1.09432 -0.921926      0.85
  1.09447 -0.921076      0.85
  1.09462 -0.920227      0.85
  1.09477 -0.919379      0.85
  1.09492 -0.918532      0.85
  1.09507 -0.917686      0.85
  1.09522 -0.916841      0.85
  1.09537 -0.915997      0.85
  1.09552 -0.915153      0.85
  1.09567 -0.914311      0.85
  1.09582  -0.91347      0.85
  1.09597  -0.91263      0.85
  1.09612 -0.911791      0.85
  1.09627 -0.910952      0.85
  1.09642 -0.910115      0.85
  1.09657 -0.909279      0.85
  1.09672 -0.908443      0.85
  1.09687 -0.907609      0.85
  1.09702 -0.906775      0.85
  1.09717 -0.905943      0.85
  1.09732 -0.905111      0.85
  1.09747 -0.904281      0.85
  1.09762 -0.903451      0.85
  1.09777 -0.902623      0.85
  1.09792 -0.901795      0.85
  1.09807 -0.900968      0.85
  1.09822 -0.900142      0.85
  1.09837 -0.899318      0.85
  1.09852 -0.898494      0.85
  1.09867 -0.897671      0.85
  1.09882 -0.896849      0.85
  1.09897 -0.896028      0.85
  1.09912 -0.895208      0.85
  1.09927 -0.894389      0.85
  1.09942  -0.89357      0.85
  1.09957 -0.892753      0.85
  1.09972 -0.891937      0.85
  1.09987 -0.891122      0.85
  1.10003 -0.890307      0.85
  1.10018 -0.889494      0.85
  1.10033 -0.888681      0.85
  1.10048  -0.88787      0.85
  1.10063 -0.887059      0.85
  1.10078 -0.886249      0.85
  1.10093  -0.88544      0.85
  1.10108 -0.884633      0.85
  1.10123 -0.883826      0.85
  1.10138  -0.88302      0.85
  1.10153 -0.882215      0.85
  1.10168  -0.88141      0.85
  1.10183 -0.880607      0.85
  1.10198 -0.879805      0.85
  1.10213 -0.879003      0.85
  1.10228 -0.878203      0.85
  1.10243 -0.877403      0.85
  1.10258 -0.876605      0.85
  1.10273 -0.875807      0.85
  1.10288  -0.87501      0.85
  1.10303 -0.874214      0.85
  1.10318 -0.873419      0.85
  1.10333 -0.872625      0.85
  1.10348 -0.871832      0.85
  1.10363  -0.87104      0.85
  1.10378 -0.870249      0.85
  1.10393 -0.869458      0.85
  1.10408 -0.868669      0.85
  1.10423  -0.86788      0.85
  1.10438 -0.867092      0.85
  1.10453 -0.866306      0.85
  1.10468  -0.86552      0.85
  1.10483 -0.864735      0.85
  1.10498 -0.863951      0.85
  1.10513 -0.863167      0.85
  1.10528 -0.862385      0.85
  1.10543 -0.861604      0.85
  1.10558 -0.860823      0.85
  1.10573 -0.860043      0.85
  1.10588 -0.859265      0.85
  1.10603 -0.858487      0.85
  1.10618  -0.85771      0.85
  1.10633 -0.856934      0.85
  1.10648 -0.856158      0.85
  1.10663 -0.855384      0.85
  1.10678 -0.854611      0.85
  1.10693 -0.853838      0.85
  1.10708 -0.853066      0.85
  1.10723 -0.852296      0.85
  1.10738 -0.851526      0.85
  1.10753 -0.850757      0.85
  1.10768 -0.849989      0.85
  1.10783 -0.849221      0.85
  1.10798 -0.848455      0.85
  1.10813 -0.847689      0.85
  1.10828 -0.846925      0.85
  1.10843 -0.846161      0.85
  1.10858 -0.845398      0.85
  1.10873 -0.844636      0.85
  1.10888 -0.843875      0.85
  1.10903 -0.843114      0.85
  1.10918 -0.842355      0.85
  1.10933 -0.841596      0.85
  1.10948 -0.840838      0.85
  1.10963 -0.840081      0.85
  1.10978 -0.839325      0.85
  1.10993  -0.83857      0.85
  1.11008 -0.837816      0.85
  1.11023 -0.837062      0.85
  1.11038  -0.83631      0.85
  1.11053 -0.835558      0.85
  1.11068 -0.834807      0.85
  1.11083 -0.834057      0.85
  1.11098 -0.833308      0.85
  1.11113  -0.83256      0.85
  1.11128 -0.831812      0.85
  1.11143 -0.831065      0.85
  1.11158  -0.83032      0.85
  1.11173 -0.829575      0.85
  1.11188  -0.82883      0.85
  1.11203 -0.828087      0.85
  1.11218 -0.827345      0.85
  1.11233 -0.826603      0.85
  1.11248 -0.825862      0.85
  1.11263 -0.825122      0.85
  1.11278 -0.824383      0.85
  1.11293 -0.823645      0.85
  1.11308 -0.822908      0.85
  1.11323 -0.822171      0.85
  1.11338 -0.821435      0.85
  1.11353   -0.8207      0.85
  1.11368 -0.819966      0.85
  1.11383 -0.819233      0.85
  1.11398   -0.8185      0.85
  1.11413 -0.817769      0.85
  1.11428 -0.817038      0.85
  1.11443 -0.816308      0.85
  1.11458 -0.815579      0.85
  1.11473  -0.81485      0.85
  1.11488 -0.814123      0.85
  1.11503 -0.813396      0.85
  1.11518  -0.81267      0.85
  1.11533 -0.811945      0.85
  1.11548 -0.811221      0.85
  1.11563 -0.810498      0.85
  1.11578 -0.809775      0.85
  1.11593 -0.809053      0.85
  1.11608 -0.808332      0.85
  1.11623 -0.807612      0.85
  1.11638 -0.806893      0.85
  1.11653 -0.806174      0.85
  1.11668 -0.805456      0.85
  1.11683 -0.804739      0.85
  1.11698 -0.804023      0.85
  1.11713 -0.803308      0.85
  1.11728 -0.802593      0.85
  1.11743 -0.801879      0.85
  1.11758 -0.801166      0.85
  1.11773 -0.800454      0.85
  1.11788 -0.799743      0.85
  1.11803 -0.799032      0.85
  1.11818 -0.798323      0.85
  1.11833 -0.797614      0.85
  1.11848 -0.796906      0.85
  1.11863 -0.796198      0.85
  1.11878 -0.795492      0.85
  1.11893 -0.794786      0.85
  1.11908 -0.794081      0.85
  1.11923 -0.793377      0.85
  1.11938 -0.792673      0.85
  1.11953  -0.79197      0.85
  1.11968 -0.791269      0.85
  1.11983 -0.790568      0.85
  1.11998 -0.789867      0.85
  1.12014 -0.789168      0.85
  1.12029 -0.788469      0.85
  1.12044 -0.787771      0.85
  1.12059 -0.787074      0.85
  1.12074 -0.786377      0.85
  1.12089 -0.785682      0.85
  1.12104 -0.784987      0.85
  1.12119 -0.784293      0.85
  1.12134   -0.7836      0.85
  1.12149 -0.782907      0.85
  1.12164 -0.782215      0.85
  1.12179 -0.781524      0.85
  1.12194 -0.780834      0.85
  1.12209 -0.780145      0.85
  1.12224 -0.779456      0.85
  1.12239 -0.778768      0.85
  1.12254 -0.778081      0.85
  1.12269 -0.777395      0.85
  1.12284 -0.776709      0.85
  1.12299 -0.776024      0.85
  1.12314  -0.77534      0.85
  1.12329 -0.774657      0.85
  1.12344 -0.773974      0.85
  1.12359 -0.773292      0.85
  1.12374 -0.772611      0.85
  1.12389 -0.771931      0.85
  1.12404 -0.771252      0.85
  1.12419 -0.770573      0.85
  1.12434 -0.769895      0.85
  1.12449 -0.769217      0.85
  1.12464 -0.768541      0.85
  1.12479 -0.767865      0.85
  1.12494  -0.76719      0.85
  1.12509 -0.766516      0.85
  1.12524 -0.765842      0.85
  1.12539 -0.765169      0.85
  1.12554 -0.764497      0.85
  1.12569 -0.763826      0.85
  1.12584 -0.763156      0.85
  1.12599 -0.762486      0.85
  1.12614 -0.761817      0.85
  1.12629 -0.761148      0.85
  1.12644 -0.760481      0.85
  1.12659 -0.759814      0.85
  1.12674 -0.759148      0.85
  1.12689 -0.758482      0.85
  1.12704 -0.757818      0.85
  1.12719 -0.757154      0.85
  1.12734 -0.756491      0.85
  1.12749 -0.755828      0.85
  1.12764 -0.755166      0.85
  1.12779 -0.754505      0.85
  1.12794 -0.753845      0.85
  1.12809 -0.753186      0.85
  1.12824 -0.752527      0.85
  1.12839 -0.751869      0.85
  1.12854 -0.751211      0.85
  1.12869 -0.750555      0.85
  1.12884 -0.749899      0.85
  1.12899 -0.749244      0.85
  1.12914 -0.748589      0.85
  1.12929 -0.747936      0.85
  1.12944 -0.747283      0.85
  1.12959  -0.74663      0.85
  1.12974 -0.745979      0.85
  1.12989 -0.745328      0.85
  1.13004 -0.744678      0.85
  1.13019 -0.744028      0.85
  1.13034 -0.743379      0.85
  1.13049 -0.742731      0.85
  1.13064 -0.742084      0.85
  1.13079 -0.741438      0.85
  1.13094 -0.740792      0.85
  1.13109 -0.740147      0.85
  1.13124 -0.739502      0.85
  1.13139 -0.738858      0.85
  1.13154 -0.738215      0.85
  1.13169 -0.737573      0.85
  1.13184 -0.736931      0.85
  1.13199  -0.73629      0.85
  1.13214  -0.73565      0.85
  1.13229 -0.735011      0.85
  1.13244 -0.734372      0.85
  1.13259 -0.733734      0.85
  1.13274 -0.733096      0.85
  1.13289  -0.73246      0.85
  1.13304 -0.731824      0.85
  1.13319 -0.731188      0.85
  1.13334 -0.730554      0.85
  1.13349  -0.72992      0.85
  1.13364 -0.729286      0.85
  1.13379 -0.728654      0.85
  1.13394 -0.728022      0.85
  1.13409 -0.727391      0.85
  1.13424  -0.72676      0.85
  1.13439 -0.726131      0.85
  1.13454 -0.725501      0.85
  1.13469 -0.724873      0.85
  1.13484 -0.724245      0.85
  1.13499 -0.723618      0.85
  1.13514 -0.722992      0.85
  1.13529 -0.722366      0.85
  1.13544 -0.721741      0.85
  1.13559 -0.721117      0.85
  1.13574 -0.720493      0.85
  1.13589  -0.71987      0.85
  1.13604 -0.719248      0.85
  1.13619 -0.718626      0.85
  1.13634 -0.718005      0.85
  1.13649 -0.717385      0.85
  1.13664 -0.716766      0.85
  1.13679 -0.716147      0.85
  1.13694 -0.715529      0.85
  1.13709 -0.714911      0.85
  1.13724 -0.714294      0.85
  1.13739 -0.713678      0.85
  1.13754 -0.713062      0.85
  1.13769 -0.712448      0.85
  1.13784 -0.711833      0.85
  1.13799  -0.71122      0.85
  1.13814 -0.710607      0.85
  1.13829 -0.709995      0.85
  1.13844 -0.709383      0.85
  1.13859 -0.708772      0.85
  1.13874 -0.708162      0.85
  1.13889 -0.707553      0.85
  1.13904 -0.706944      0.85
  1.13919 -0.706335      0.85
  1.13934 -0.705728      0.85
  1.13949 -0.705121      0.85
  1.13964 -0.704515      0.85
  1.13979 -0.703909      0.85
  1.13994 -0.703304      0.85
   1.1401   -0.7027      0.85
  1.14025 -0.702096      0.85
   1.1404 -0.701493      0.85
  1.14055 -0.700891      0.85
   1.1407 -0.700289      0.85
  1.14085 -0.699688      0.85
    1.141 -0.699088      0.85
  1.14115 -0.698488      0.85
   1.1413 -0.697889      0.85
  1.14145 -0.697291      0.85
   1.1416 -0.696693      0.85
  1.14175 -0.696096      0.85
   1.1419   -0.6955      0.85
  1.14205 -0.694904      0.85
   1.1422 -0.694308      0.85
  1.14235 -0.693714      0.85
   1.1425  -0.69312      0.85
  1.14265 -0.692527      0.85
   1.1428 -0.691934      0.85
  1.14295 -0.691342      0.85
   1.1431 -0.690751      0.85
  1.14325  -0.69016      0.85
   1.1434  -0.68957      0.85
  1.14355 -0.688981      0.85
   1.1437 -0.688392      0.85
  1.14385 -0.687804      0.85
    1.144 -0.687216      0.85
  1.14415 -0.686629      0.85
   1.1443 -0.686043      0.85
  1.14445 -0.685457      0.85
   1.1446 -0.684872      0.85
  1.14475 -0.684288      0.85
   1.1449 -0.683704      0.85
  1.14505 -0.683121      0.85
   1.1452 -0.682539      0.85
  1.14535 -0.681957      0.85
   1.1455 -0.681375      0.85
  1.14565 -0.680795      0.85
   1.1458 -0.680215      0.85
  1.14595 -0.679635      0.85
   1.1461 -0.679057      0.85
  1.14625 -0.678479      0.85
   1.1464 -0.677901      0.85
  1.14655 -0.677324      0.85
   1.1467 -0.676748      0.85
  1.14685 -0.676172      0.85
    1.147 -0.675597      0.85
  1.14715 -0.675023      0.85
   1.1473 -0.674449      0.85
  1.14745 -0.673876      0.85
   1.1476 -0.673303      0.85
  1.14775 -0.672731      0.85
   1.1479  -0.67216      0.85
  1.14805 -0.671589      0.85
   1.1482 -0.671019      0.85
  1.14835  -0.67045      0.85
   1.1485 -0.669881      0.85
  1.14865 -0.669312      0.85
   1.1488 -0.668745      0.85
  1.14895 -0.668178      0.85
   1.1491 -0.667611      0.85
  1.14925 -0.667045      0.85
   1.1494  -0.66648      0.85
  1.14955 -0.665915      0.85
   1.1497 -0.665351      0.85
  1.14985 -0.664788      0.85
     1.15 -0.664225      0.85