 kgrid  ValNew  Policy 
     0.85  -7.53791      0.85
  0.85015  -7.52599      0.85
   0.8503  -7.51409      0.85
  0.85045  -7.50222      0.85
   0.8506  -7.49037      0.85
  0.85075  -7.47854      0.85
   0.8509  -7.46673      0.85
 0.851051  -7.45495      0.85
 0.851201   -7.4432      0.85
 0.851351  -7.43146      0.85
 0.851501  -7.41975      0.85
 0.851651  -7.40806      0.85
 0.851801   -7.3964      0.85
 0.851951  -7.38476      0.85
 0.852101  -7.37314      0.85
 0.852251  -7.36154      0.85
 0.852401  -7.34997      0.85
 0.852551  -7.33842      0.85
 0.852701   -7.3269      0.85
 0.852851  -7.31539      0.85
 0.853002  -7.30391      0.85
 0.853152  -7.29245      0.85
 0.853302  -7.28102      0.85
 0.853452   -7.2696      0.85
 0.853602  -7.25821      0.85
 0.853752  -7.24684      0.85
 0.853902   -7.2355      0.85
 0.854052  -7.22418      0.85
 0.854202  -7.21287      0.85
 0.854352   -7.2016      0.85
 0.854502  -7.19034      0.85
 0.854652   -7.1791      0.85
 0.854802  -7.16789      0.85
 0.854952   -7.1567      0.85
 0.855103  -7.14553      0.85
 0.855253  -7.13439      0.85
 0.855403  -7.12326      0.85
 0.855553  -7.11216      0.85
 0.855703  -7.10108      0.85
 0.855853  -7.09002      0.85
 0.856003  -7.07898      0.85
 0.856153  -7.06797      0.85
 0.856303  -7.05697      0.85
 0.856453    -7.046      0.85
 0.856603  -7.03505      0.85
 0.856753  -7.02412      0.85
 0.856903  -7.01321      0.85
 0.857054  -7.00232      0.85
 0.857204  -6.99146      0.85
 0.857354  -6.98061      0.85
 0.857504  -6.96979      0.85
 0.857654  -6.95899      0.85
 0.857804  -6.94821      0.85
 0.857954  -6.93745      0.85
 0.858104  -6.92671      0.85
 0.858254  -6.91599      0.85
 0.858404  -6.90529      0.85
 0.858554  -6.89461      0.85
 0.858704  -6.88396      0.85
 0.858854  -6.87332      0.85
 0.859005  -6.86271      0.85
 0.859155  -6.85211      0.85
 0.859305  -6.84154      0.85
 0.859455  -6.83099      0.85
 0.859605  -6.82046      0.85
 0.859755  -6.80995      0.85
 0.859905  -6.79945      0.85
 0.860055  -6.78898      0.85
 0.860205  -6.77853      0.85
 0.860355   -6.7681      0.85
 0.860505  -6.75769      0.85
 0.860655   -6.7473      0.85
 0.860805  -6.73693      0.85
 0.860955  -6.72658      0.85
 0.861106  -6.71625      0.85
 0.861256  -6.70594      0.85
 0.861406  -6.69565      0.85
 0.861556  -6.68538      0.85
 0.861706  -6.67513      0.85
 0.861856   -6.6649      0.85
 0.862006  -6.65469      0.85
 0.862156   -6.6445      0.85
 0.862306  -6.63433      0.85
 0.862456  -6.62418      0.85
 0.862606  -6.61404      0.85
 0.862756  -6.60393      0.85
 0.862906  -6.59384      0.85
 0.863057  -6.58376      0.85
 0.863207  -6.57371      0.85
 0.863357  -6.56367      0.85
 0.863507  -6.55366      0.85
 0.863657  -6.54366      0.85
 0.863807  -6.53369      0.85
 0.863957  -6.52373      0.85
 0.864107  -6.51379      0.85
 0.864257  -6.50387      0.85
 0.864407  -6.49397      0.85
 0.864557  -6.48408      0.85
 0.864707  -6.47422      0.85
 0.864857  -6.46438      0.85
 0.865008  -6.45455      0.85
 0.865158  -6.44475      0.85
 0.865308  -6.43496      0.85
 0.865458  -6.42519      0.85
 0.865608  -6.41544      0.85
 0.865758  -6.40571      0.85
 0.865908  -6.39599      0.85
 0.866058   -6.3863      0.85
 0.866208  -6.37662      0.85
 0.866358  -6.36696      0.85
 0.866508  -6.35732      0.85
 0.866658   -6.3477      0.85
 0.866808   -6.3381      0.85
 0.866958  -6.32852      0.85
 0.867109  -6.31895      0.85
 0.867259   -6.3094      0.85
 0.867409  -6.29987      0.85
 0.867559  -6.29036      0.85
 0.867709  -6.28087      0.85
 0.867859  -6.27139      0.85
 0.868009  -6.26193      0.85
 0.868159  -6.25249      0.85
 0.868309  -6.24307      0.85
 0.868459  -6.23367      0.85
 0.868609  -6.22428      0.85
 0.868759  -6.21492      0.85
 0.868909  -6.20557      0.85
  0.86906  -6.19623      0.85
  0.86921  -6.18692      0.85
  0.86936  -6.17762      0.85
  0.86951  -6.16834      0.85
  0.86966  -6.15908      0.85
  0.86981  -6.14983      0.85
  0.86996  -6.14061      0.85
  0.87011   -6.1314      0.85
  0.87026   -6.1222      0.85
  0.87041  -6.11303      0.85
  0.87056  -6.10387      0.85
  0.87071  -6.09473      0.85
  0.87086  -6.08561      0.85
 0.871011   -6.0765      0.85
 0.871161  -6.06741      0.85
 0.871311  -6.05834      0.85
 0.871461  -6.04929      0.85
 0.871611  -6.04025      0.85
 0.871761  -6.03123      0.85
 0.871911  -6.02222      0.85
 0.872061  -6.01324      0.85
 0.872211  -6.00427      0.85
 0.872361  -5.99531      0.85
 0.872511  -5.98638      0.85
 0.872661  -5.97746      0.85
 0.872811  -5.96856      0.85
 0.872961  -5.95967      0.85
 0.873112   -5.9508      0.85
 0.873262  -5.94195      0.85
 0.873412  -5.93311      0.85
 0.873562  -5.92429      0.85
 0.873712  -5.91549      0.85
 0.873862   -5.9067      0.85
 0.874012  -5.89793      0.85
 0.874162  -5.88918      0.85
 0.874312  -5.88044      0.85
 0.874462  -5.87172      0.85
 0.874612  -5.86301      0.85
 0.874762  -5.85432      0.85
 0.874912  -5.84565      0.85
 0.875063    -5.837      0.85
 0.875213  -5.82836      0.85
 0.875363  -5.81973      0.85
 0.875513  -5.81112      0.85
 0.875663  -5.80253      0.85
 0.875813  -5.79396      0.85
 0.875963   -5.7854      0.85
 0.876113  -5.77685      0.85
 0.876263  -5.76832      0.85
 0.876413  -5.75981      0.85
 0.876563  -5.75131      0.85
 0.876713  -5.74283      0.85
 0.876863  -5.73437      0.85
 0.877014  -5.72592      0.85
 0.877164  -5.71749      0.85
 0.877314  -5.70907      0.85
 0.877464  -5.70067      0.85
 0.877614  -5.69228      0.85
 0.877764  -5.68391      0.85
 0.877914  -5.67555      0.85
 0.878064  -5.66721      0.85
 0.878214  -5.65889      0.85
 0.878364  -5.65058      0.85
 0.878514  -5.64228      0.85
 0.878664    -5.634      0.85
 0.878814  -5.62574      0.85
 0.878964  -5.61749      0.85
 0.879115  -5.60926      0.85
 0.879265  -5.60104      0.85
 0.879415  -5.59284      0.85
 0.879565  -5.58465      0.85
 0.879715  -5.57648      0.85
 0.879865  -5.56832      0.85
 0.880015  -5.56018      0.85
 0.880165  -5.55205      0.85
 0.880315  -5.54394      0.85
 0.880465  -5.53584      0.85
 0.880615  -5.52776      0.85
 0.880765  -5.51969      0.85
 0.880915  -5.51164      0.85
 0.881066   -5.5036      0.85
 0.881216  -5.49558      0.85
 0.881366  -5.48757      0.85
 0.881516  -5.47958      0.85
 0.881666   -5.4716      0.85
 0.881816  -5.46363      0.85
 0.881966  -5.45568      0.85
 0.882116  -5.44775      0.85
 0.882266  -5.43982      0.85
 0.882416  -5.43192      0.85
 0.882566  -5.42403      0.85
 0.882716  -5.41615      0.85
 0.882866  -5.40829      0.85
 0.883017  -5.40044      0.85
 0.883167   -5.3926      0.85
 0.883317  -5.38478      0.85
 0.883467  -5.37698      0.85
 0.883617  -5.36919      0.85
 0.883767  -5.36141      0.85
 0.883917  -5.35364      0.85
 0.884067   -5.3459      0.85
 0.884217  -5.33816      0.85
 0.884367  -5.33044      0.85
 0.884517  -5.32273      0.85
 0.884667  -5.31504      0.85
 0.884817  -5.30736      0.85
 0.884967   -5.2997      0.85
 0.885118  -5.29205      0.85
 0.885268  -5.28441      0.85
 0.885418  -5.27679      0.85
 0.885568  -5.26918      0.85
 0.885718  -5.26158      0.85
 0.885868    -5.254      0.85
 0.886018  -5.24643      0.85
 0.886168  -5.23888      0.85
 0.886318  -5.23134      0.85
 0.886468  -5.22381      0.85
 0.886618   -5.2163      0.85
 0.886768   -5.2088      0.85
 0.886918  -5.20131      0.85
 0.887069  -5.19384      0.85
 0.887219  -5.18638      0.85
 0.887369  -5.17894      0.85
 0.887519   -5.1715      0.85
 0.887669  -5.16409      0.85
 0.887819  -5.15668      0.85
 0.887969  -5.14929      0.85
 0.888119  -5.14191      0.85
 0.888269  -5.13454      0.85
 0.888419  -5.12719      0.85
 0.888569  -5.11985      0.85
 0.888719  -5.11253      0.85
 0.888869  -5.10522      0.85
  0.88902  -5.09792      0.85
  0.88917  -5.09063      0.85
  0.88932  -5.08336      0.85
  0.88947   -5.0761      0.85
  0.88962  -5.06885      0.85
  0.88977  -5.06162      0.85
  0.88992   -5.0544      0.85
  0.89007  -5.04719      0.85
  0.89022     -5.04      0.85
  0.89037  -5.03282      0.85
  0.89052  -5.02565      0.85
  0.89067  -5.01849      0.85
  0.89082  -5.01135      0.85
  0.89097  -5.00422      0.85
 0.891121   -4.9971      0.85
 0.891271  -4.98999      0.85
 0.891421   -4.9829      0.85
 0.891571  -4.97582      0.85
 0.891721  -4.96876      0.85
 0.891871   -4.9617      0.85
 0.892021  -4.95466      0.85
 0.892171  -4.94763      0.85
 0.892321  -4.94062      0.85
 0.892471  -4.93361      0.85
 0.892621  -4.92662      0.85
 0.892771  -4.91964      0.85
 0.892921  -4.91267      0.85
 0.893072  -4.90572      0.85
 0.893222  -4.89878      0.85
 0.893372  -4.89185      0.85
 0.893522  -4.88493      0.85
 0.893672  -4.87803      0.85
 0.893822  -4.87114      0.85
 0.893972  -4.86426      0.85
 0.894122  -4.85739      0.85
 0.894272  -4.85053      0.85
 0.894422  -4.84369      0.85
 0.894572  -4.83686      0.85
 0.894722  -4.83004      0.85
 0.894872  -4.82323      0.85
 0.895023  -4.81644      0.85
 0.895173  -4.80965      0.85
 0.895323  -4.80288      0.85
 0.895473  -4.79612      0.85
 0.895623  -4.78938      0.85
 0.895773  -4.78264      0.85
 0.895923  -4.77592      0.85
 0.896073  -4.76921      0.85
 0.896223  -4.76251      0.85
 0.896373  -4.75582      0.85
 0.896523  -4.74915      0.85
 0.896673  -4.74248      0.85
 0.896823  -4.73583      0.85
 0.896973  -4.72919      0.85
 0.897124  -4.72256      0.85
 0.897274  -4.71595      0.85
 0.897424  -4.70934      0.85
 0.897574  -4.70275      0.85
 0.897724  -4.69616      0.85
 0.897874  -4.68959      0.85
 0.898024  -4.68304      0.85
 0.898174  -4.67649      0.85
 0.898324  -4.66995      0.85
 0.898474  -4.66343      0.85
 0.898624  -4.65692      0.85
 0.898774  -4.65042      0.85
 0.898924  -4.64393      0.85
 0.899075  -4.63745      0.85
 0.899225  -4.63098      0.85
 0.899375  -4.62452      0.85
 0.899525  -4.61808      0.85
 0.899675  -4.61165      0.85
 0.899825  -4.60523      0.85
 0.899975  -4.59882      0.85
 0.900125  -4.59242      0.85
 0.900275  -4.58603      0.85
 0.900425  -4.57965      0.85
 0.900575  -4.57329      0.85
 0.900725  -4.56693      0.85
 0.900875  -4.56059      0.85
 0.901026  -4.55426      0.85
 0.901176  -4.54793      0.85
 0.901326  -4.54162      0.85
 0.901476  -4.53533      0.85
 0.901626  -4.52904      0.85
 0.901776  -4.52276      0.85
 0.901926  -4.51649      0.85
 0.902076  -4.51024      0.85
 0.902226  -4.50399      0.85
 0.902376  -4.49776      0.85
 0.902526  -4.49154      0.85
 0.902676  -4.48533      0.85
 0.902826  -4.47913      0.85
 0.902976  -4.47294      0.85
 0.903127  -4.46676      0.85
 0.903277  -4.46059      0.85
 0.903427  -4.45443      0.85
 0.903577  -4.44828      0.85
 0.903727  -4.44215      0.85
 0.903877  -4.43602      0.85
 0.904027   -4.4299      0.85
 0.904177   -4.4238      0.85
 0.904327  -4.41771      0.85
 0.904477  -4.41162      0.85
 0.904627  -4.40555      0.85
 0.904777  -4.39949      0.85
 0.904927  -4.39344      0.85
 0.905078  -4.38739      0.85
 0.905228  -4.38136      0.85
 0.905378  -4.37534      0.85
 0.905528  -4.36933      0.85
 0.905678  -4.36333      0.85
 0.905828  -4.35734      0.85
 0.905978  -4.35136      0.85
 0.906128   -4.3454      0.85
 0.906278  -4.33944      0.85
 0.906428  -4.33349      0.85
 0.906578  -4.32755      0.85
 0.906728  -4.32162      0.85
 0.906878  -4.31571      0.85
 0.907029   -4.3098      0.85
 0.907179   -4.3039      0.85
 0.907329  -4.29802      0.85
 0.907479  -4.29214      0.85
 0.907629  -4.28627      0.85
 0.907779  -4.28042      0.85
 0.907929  -4.27457      0.85
 0.908079  -4.26873      0.85
 0.908229  -4.26291      0.85
 0.908379  -4.25709      0.85
 0.908529  -4.25129      0.85
 0.908679  -4.24549      0.85
 0.908829   -4.2397      0.85
 0.908979  -4.23393      0.85
  0.90913  -4.22816      0.85
  0.90928   -4.2224      0.85
  0.90943  -4.21666      0.85
  0.90958  -4.21092      0.85
  0.90973  -4.20519      0.85
  0.90988  -4.19948      0.85
  0.91003  -4.19377      0.85
  0.91018  -4.18807      0.85
  0.91033  -4.18238      0.85
  0.91048  -4.17671      0.85
  0.91063  -4.17104      0.85
  0.91078  -4.16538      0.85
  0.91093  -4.15973      0.85
 0.911081  -4.15409      0.85
 0.911231  -4.14846      0.85
 0.911381  -4.14284      0.85
 0.911531  -4.13723      0.85
 0.911681  -4.13163      0.85
 0.911831  -4.12604      0.85
 0.911981  -4.12045      0.85
 0.912131  -4.11488      0.85
 0.912281  -4.10932      0.85
 0.912431  -4.10377      0.85
 0.912581  -4.09822      0.85
 0.912731  -4.09269      0.85
 0.912881  -4.08716      0.85
 0.913032  -4.08165      0.85
 0.913182  -4.07614      0.85
 0.913332  -4.07064      0.85
 0.913482  -4.06515      0.85
 0.913632  -4.05968      0.85
 0.913782  -4.05421      0.85
 0.913932  -4.04875      0.85
 0.914082   -4.0433      0.85
 0.914232  -4.03785      0.85
 0.914382  -4.03242      0.85
 0.914532    -4.027      0.85
 0.914682  -4.02159      0.85
 0.914832  -4.01618      0.85
 0.914982  -4.01079      0.85
 0.915133   -4.0054      0.85
 0.915283  -4.00002      0.85
 0.915433  -3.99465      0.85
 0.915583   -3.9893      0.85
 0.915733  -3.98395      0.85
 0.915883   -3.9786      0.85
 0.916033  -3.97327      0.85
 0.916183  -3.96795      0.85
 0.916333  -3.96264      0.85
 0.916483  -3.95733      0.85
 0.916633  -3.95203      0.85
 0.916783  -3.94675      0.85
 0.916933  -3.94147      0.85
 0.917084   -3.9362      0.85
 0.917234  -3.93094      0.85
 0.917384  -3.92569      0.85
 0.917534  -3.92044      0.85
 0.917684  -3.91521      0.85
 0.917834  -3.90999      0.85
 0.917984  -3.90477      0.85
 0.918134  -3.89956      0.85
 0.918284  -3.89436      0.85
 0.918434  -3.88917      0.85
 0.918584  -3.88399      0.85
 0.918734  -3.87882      0.85
 0.918884  -3.87365      0.85
 0.919035   -3.8685      0.85
 0.919185  -3.86335      0.85
 0.919335  -3.85821      0.85
 0.919485  -3.85308      0.85
 0.919635  -3.84796      0.85
 0.919785  -3.84285      0.85
 0.919935  -3.83775      0.85
 0.920085  -3.83265      0.85
 0.920235  -3.82757      0.85
 0.920385  -3.82249      0.85
 0.920535  -3.81742      0.85
 0.920685  -3.81236      0.85
 0.920835   -3.8073      0.85
 0.920985  -3.80226      0.85
 0.921136  -3.79722      0.85
 0.921286  -3.79219      0.85
 0.921436  -3.78718      0.85
 0.921586  -3.78216      0.85
 0.921736  -3.77716      0.85
 0.921886  -3.77217      0.85
 0.922036  -3.76718      0.85
 0.922186   -3.7622      0.85
 0.922336  -3.75724      0.85
 0.922486  -3.75227      0.85
 0.922636  -3.74732      0.85
 0.922786  -3.74238      0.85
 0.922936  -3.73744      0.85
 0.923087  -3.73251      0.85
 0.923237  -3.72759      0.85
 0.923387  -3.72268      0.85
 0.923537  -3.71778      0.85
 0.923687  -3.71288      0.85
 0.923837  -3.70799      0.85
 0.923987  -3.70311      0.85
 0.924137  -3.69824      0.85
 0.924287  -3.69338      0.85
 0.924437  -3.68853      0.85
 0.924587  -3.68368      0.85
 0.924737  -3.67884      0.85
 0.924887  -3.67401      0.85
 0.925038  -3.66919      0.85
 0.925188  -3.66437      0.85
 0.925338  -3.65956      0.85
 0.925488  -3.65476      0.85
 0.925638  -3.64997      0.85
 0.925788  -3.64519      0.85
 0.925938  -3.64041      0.85
 0.926088  -3.63565      0.85
 0.926238  -3.63089      0.85
 0.926388  -3.62614      0.85
 0.926538  -3.62139      0.85
 0.926688  -3.61666      0.85
 0.926838  -3.61193      0.85
 0.926988  -3.60721      0.85
 0.927139  -3.60249      0.85
 0.927289  -3.59779      0.85
 0.927439  -3.59309      0.85
 0.927589   -3.5884      0.85
 0.927739  -3.58372      0.85
 0.927889  -3.57905      0.85
 0.928039  -3.57438      0.85
 0.928189  -3.56972      0.85
 0.928339  -3.56507      0.85
 0.928489  -3.56043      0.85
 0.928639  -3.55579      0.85
 0.928789  -3.55116      0.85
 0.928939  -3.54654      0.85
  0.92909  -3.54193      0.85
  0.92924  -3.53732      0.85
  0.92939  -3.53272      0.85
  0.92954  -3.52813      0.85
  0.92969  -3.52355      0.85
  0.92984  -3.51897      0.85
  0.92999  -3.51441      0.85
  0.93014  -3.50985      0.85
  0.93029  -3.50529      0.85
  0.93044  -3.50075      0.85
  0.93059  -3.49621      0.85
  0.93074  -3.49168      0.85
  0.93089  -3.48715      0.85
 0.931041  -3.48264      0.85
 0.931191  -3.47813      0.85
 0.931341  -3.47363      0.85
 0.931491  -3.46913      0.85
 0.931641  -3.46465      0.85
 0.931791  -3.46017      0.85
 0.931941  -3.45569      0.85
 0.932091  -3.45123      0.85
 0.932241  -3.44677      0.85
 0.932391  -3.44232      0.85
 0.932541  -3.43788      0.85
 0.932691  -3.43344      0.85
 0.932841  -3.42901      0.85
 0.932991  -3.42459      0.85
 0.933142  -3.42018      0.85
 0.933292  -3.41577      0.85
 0.933442  -3.41137      0.85
 0.933592  -3.40698      0.85
 0.933742  -3.40259      0.85
 0.933892  -3.39821      0.85
 0.934042  -3.39384      0.85
 0.934192  -3.38948      0.85
 0.934342  -3.38512      0.85
 0.934492  -3.38077      0.85
 0.934642  -3.37643      0.85
 0.934792  -3.37209      0.85
 0.934942  -3.36776      0.85
 0.935093  -3.36344      0.85
 0.935243  -3.35912      0.85
 0.935393  -3.35482      0.85
 0.935543  -3.35051      0.85
 0.935693  -3.34622      0.85
 0.935843  -3.34193      0.85
 0.935993  -3.33765      0.85
 0.936143  -3.33338      0.85
 0.936293  -3.32911      0.85
 0.936443  -3.32485      0.85
 0.936593   -3.3206      0.85
 0.936743  -3.31635      0.85
 0.936893  -3.31211      0.85
 0.937044  -3.30788      0.85
 0.937194  -3.30366      0.85
 0.937344  -3.29944      0.85
 0.937494  -3.29523      0.85
 0.937644  -3.29102      0.85
 0.937794  -3.28682      0.85
 0.937944  -3.28263      0.85
 0.938094  -3.27844      0.85
 0.938244  -3.27427      0.85
 0.938394  -3.27009      0.85
 0.938544  -3.26593      0.85
 0.938694  -3.26177      0.85
 0.938844  -3.25762      0.85
 0.938994  -3.25347      0.85
 0.939145  -3.24934      0.85
 0.939295   -3.2452      0.85
 0.939445  -3.24108      0.85
 0.939595  -3.23696      0.85
 0.939745  -3.23285      0.85
 0.939895  -3.22874      0.85
 0.940045  -3.22465      0.85
 0.940195  -3.22055      0.85
 0.940345  -3.21647      0.85
 0.940495  -3.21239      0.85
 0.940645  -3.20832      0.85
 0.940795  -3.20425      0.85
 0.940945  -3.20019      0.85
 0.941096  -3.19614      0.85
 0.941246  -3.19209      0.85
 0.941396  -3.18805      0.85
 0.941546  -3.18402      0.85
 0.941696  -3.17999      0.85
 0.941846  -3.17597      0.85
 0.941996  -3.17195      0.85
 0.942146  -3.16795      0.85
 0.942296  -3.16394      0.85
 0.942446  -3.15995      0.85
 0.942596  -3.15596      0.85
 0.942746  -3.15198      0.85
 0.942896    -3.148      0.85
 0.943047  -3.14403      0.85
 0.943197  -3.14007      0.85
 0.943347  -3.13611      0.85
 0.943497  -3.13216      0.85
 0.943647  -3.12821      0.85
 0.943797  -3.12427      0.85
 0.943947  -3.12034      0.85
 0.944097  -3.11642      0.85
 0.944247   -3.1125      0.85
 0.944397  -3.10858      0.85
 0.944547  -3.10468      0.85
 0.944697  -3.10077      0.85
 0.944847  -3.09688      0.85
 0.944997  -3.09299      0.85
 0.945148  -3.08911      0.85
 0.945298  -3.08523      0.85
 0.945448  -3.08136      0.85
 0.945598   -3.0775      0.85
 0.945748  -3.07364      0.85
 0.945898  -3.06978      0.85
 0.946048  -3.06594      0.85
 0.946198   -3.0621      0.85
 0.946348  -3.05826      0.85
 0.946498  -3.05444      0.85
 0.946648  -3.05061      0.85
 0.946798   -3.0468      0.85
 0.946948  -3.04299      0.85
 0.947099  -3.03918      0.85
 0.947249  -3.03539      0.85
 0.947399  -3.03159      0.85
 0.947549  -3.02781      0.85
 0.947699  -3.02403      0.85
 0.947849  -3.02025      0.85
 0.947999  -3.01649      0.85
 0.948149  -3.01272      0.85
 0.948299  -3.00897      0.85
 0.948449  -3.00522      0.85
 0.948599  -3.00147      0.85
 0.948749  -2.99773      0.85
 0.948899    -2.994      0.85
  0.94905  -2.99027      0.85
   0.9492  -2.98655      0.85
  0.94935  -2.98284      0.85
   0.9495  -2.97913      0.85
  0.94965  -2.97542      0.85
   0.9498  -2.97173      0.85
  0.94995  -2.96803      0.85
   0.9501  -2.96435      0.85
  0.95025  -2.96067      0.85
   0.9504  -2.95699      0.85
  0.95055  -2.95332      0.85
   0.9507  -2.94966      0.85
  0.95085    -2.946      0.85
 0.951001  -2.94235      0.85
 0.951151  -2.93871      0.85
 0.951301  -2.93506      0.85
 0.951451  -2.93143      0.85
 0.951601   -2.9278      0.85
 0.951751  -2.92418      0.85
 0.951901  -2.92056      0.85
 0.952051  -2.91695      0.85
 0.952201  -2.91334      0.85
 0.952351  -2.90974      0.85
 0.952501  -2.90614      0.85
 0.952651  -2.90256      0.85
 0.952801  -2.89897      0.85
 0.952951  -2.89539      0.85
 0.953102  -2.89182      0.85
 0.953252  -2.88825      0.85
 0.953402  -2.88469      0.85
 0.953552  -2.88113      0.85
 0.953702  -2.87758      0.85
 0.953852  -2.87404      0.85
 0.954002   -2.8705      0.85
 0.954152  -2.86696      0.85
 0.954302  -2.86343      0.85
 0.954452  -2.85991      0.85
 0.954602  -2.85639      0.85
 0.954752  -2.85288      0.85
 0.954902  -2.84937      0.85
 0.955053  -2.84587      0.85
 0.955203  -2.84238      0.85
 0.955353  -2.83889      0.85
 0.955503   -2.8354      0.85
 0.955653  -2.83192      0.85
 0.955803  -2.82845      0.85
 0.955953  -2.82498      0.85
 0.956103  -2.82151      0.85
 0.956253  -2.81805      0.85
 0.956403   -2.8146      0.85
 0.956553  -2.81115      0.85
 0.956703  -2.80771      0.85
 0.956853  -2.80427      0.85
 0.957004  -2.80084      0.85
 0.957154  -2.79741      0.85
 0.957304  -2.79399      0.85
 0.957454  -2.79058      0.85
 0.957604  -2.78717      0.85
 0.957754  -2.78376      0.85
 0.957904  -2.78036      0.85
 0.958054  -2.77696      0.85
 0.958204  -2.77357      0.85
 0.958354  -2.77019      0.85
 0.958504  -2.76681      0.85
 0.958654  -2.76344      0.85
 0.958804  -2.76007      0.85
 0.958954   -2.7567      0.85
 0.959105  -2.75334      0.85
 0.959255  -2.74999      0.85
 0.959405  -2.74664      0.85
 0.959555   -2.7433      0.85
 0.959705  -2.73996      0.85
 0.959855  -2.73663      0.85
 0.960005   -2.7333      0.85
 0.960155  -2.72998      0.85
 0.960305  -2.72666      0.85
 0.960455  -2.72335      0.85
 0.960605  -2.72004      0.85
 0.960755  -2.71674      0.85
 0.960905  -2.71344      0.85
 0.961056  -2.71015      0.85
 0.961206  -2.70686      0.85
 0.961356  -2.70358      0.85
 0.961506   -2.7003      0.85
 0.961656  -2.69703      0.85
 0.961806  -2.69376      0.85
 0.961956   -2.6905      0.85
 0.962106  -2.68724      0.85
 0.962256  -2.68399      0.85
 0.962406  -2.68074      0.85
 0.962556   -2.6775      0.85
 0.962706  -2.67426      0.85
 0.962856  -2.67103      0.85
 0.963007   -2.6678      0.85
 0.963157  -2.66458      0.85
 0.963307  -2.66136      0.85
 0.963457  -2.65814      0.85
 0.963607  -2.65494      0.85
 0.963757  -2.65173      0.85
 0.963907  -2.64853      0.85
 0.964057  -2.64534      0.85
 0.964207  -2.64215      0.85
 0.964357  -2.63897      0.85
 0.964507  -2.63579      0.85
 0.964657  -2.63261      0.85
 0.964807  -2.62945      0.85
 0.964957  -2.62628      0.85
 0.965108  -2.62312      0.85
 0.965258  -2.61997      0.85
 0.965408  -2.61682      0.85
 0.965558  -2.61367      0.85
 0.965708  -2.61053      0.85
 0.965858  -2.60739      0.85
 0.966008  -2.60426      0.85
 0.966158  -2.60114      0.85
 0.966308  -2.59801      0.85
 0.966458   -2.5949      0.85
 0.966608  -2.59178      0.85
 0.966758  -2.58868      0.85
 0.966908  -2.58557      0.85
 0.967059  -2.58248      0.85
 0.967209  -2.57938      0.85
 0.967359  -2.57629      0.85
 0.967509  -2.57321      0.85
 0.967659  -2.57013      0.85
 0.967809  -2.56705      0.85
 0.967959  -2.56398      0.85
 0.968109  -2.56092      0.85
 0.968259  -2.55786      0.85
 0.968409   -2.5548      0.85
 0.968559  -2.55175      0.85
 0.968709   -2.5487      0.85
 0.968859  -2.54566      0.85
  0.96901  -2.54262      0.85
  0.96916  -2.53959      0.85
  0.96931  -2.53656      0.85
  0.96946  -2.53353      0.85
  0.96961  -2.53051      0.85
  0.96976   -2.5275      0.85
  0.96991  -2.52449      0.85
  0.97006  -2.52148      0.85
  0.97021  -2.51848      0.85
  0.97036  -2.51548      0.85
  0.97051  -2.51249      0.85
  0.97066   -2.5095      0.85
  0.97081  -2.50652      0.85
  0.97096  -2.50354      0.85
 0.971111  -2.50056      0.85
 0.971261  -2.49759      0.85
 0.971411  -2.49463      0.85
 0.971561  -2.49166      0.85
 0.971711  -2.48871      0.85
 0.971861  -2.48575      0.85
 0.972011  -2.48281      0.85
 0.972161  -2.47986      0.85
 0.972311  -2.47692      0.85
 0.972461  -2.47399      0.85
 0.972611  -2.47106      0.85
 0.972761  -2.46813      0.85
 0.972911  -2.46521      0.85
 0.973062  -2.46229      0.85
 0.973212  -2.45938      0.85
 0.973362  -2.45647      0.85
 0.973512  -2.45356      0.85
 0.973662  -2.45066      0.85
 0.973812  -2.44777      0.85
 0.973962  -2.44488      0.85
 0.974112  -2.44199      0.85
 0.974262  -2.43911      0.85
 0.974412  -2.43623      0.85
 0.974562  -2.43335      0.85
 0.974712  -2.43048      0.85
 0.974862  -2.42762      0.85
 0.975013  -2.42475      0.85
 0.975163   -2.4219      0.85
 0.975313  -2.41904      0.85
 0.975463  -2.41619      0.85
 0.975613  -2.41335      0.85
 0.975763  -2.41051      0.85
 0.975913  -2.40767      0.85
 0.976063  -2.40484      0.85
 0.976213  -2.40201      0.85
 0.976363  -2.39919      0.85
 0.976513  -2.39637      0.85
 0.976663  -2.39355      0.85
 0.976813  -2.39074      0.85
 0.976963  -2.38794      0.85
 0.977114  -2.38513      0.85
 0.977264  -2.38233      0.85
 0.977414  -2.37954      0.85
 0.977564  -2.37675      0.85
 0.977714  -2.37396      0.85
 0.977864  -2.37118      0.85
 0.978014   -2.3684      0.85
 0.978164  -2.36563      0.85
 0.978314  -2.36286      0.85
 0.978464  -2.36009      0.85
 0.978614  -2.35733      0.85
 0.978764  -2.35457      0.85
 0.978914  -2.35182      0.85
 0.979065  -2.34907      0.85
 0.979215  -2.34632      0.85
 0.979365  -2.34358      0.85
 0.979515  -2.34084      0.85
 0.979665  -2.33811      0.85
 0.979815  -2.33538      0.85
 0.979965  -2.33266      0.85
 0.980115  -2.32993      0.85
 0.980265  -2.32722      0.85
 0.980415   -2.3245      0.85
 0.980565  -2.32179      0.85
 0.980715  -2.31909      0.85
 0.980865  -2.31639      0.85
 0.981016  -2.31369      0.85
 0.981166    -2.311      0.85
 0.981316  -2.30831      0.85
 0.981466  -2.30562      0.85
 0.981616  -2.30294      0.85
 0.981766  -2.30026      0.85
 0.981916  -2.29759      0.85
 0.982066  -2.29492      0.85
 0.982216  -2.29225      0.85
 0.982366  -2.28959      0.85
 0.982516  -2.28693      0.85
 0.982666  -2.28428      0.85
 0.982816  -2.28163      0.85
 0.982966  -2.27898      0.85
 0.983117  -2.27634      0.85
 0.983267   -2.2737      0.85
 0.983417  -2.27106      0.85
 0.983567  -2.26843      0.85
 0.983717   -2.2658      0.85
 0.983867  -2.26318      0.85
 0.984017  -2.26056      0.85
 0.984167  -2.25794      0.85
 0.984317  -2.25533      0.85
 0.984467  -2.25272      0.85
 0.984617  -2.25012      0.85
 0.984767  -2.24752      0.85
 0.984917  -2.24492      0.85
 0.985068  -2.24233      0.85
 0.985218  -2.23974      0.85
 0.985368  -2.23715      0.85
 0.985518  -2.23457      0.85
 0.985668  -2.23199      0.85
 0.985818  -2.22942      0.85
 0.985968  -2.22685      0.85
 0.986118  -2.22428      0.85
 0.986268  -2.22172      0.85
 0.986418  -2.21916      0.85
 0.986568   -2.2166      0.85
 0.986718  -2.21405      0.85
 0.986868   -2.2115      0.85
 0.987019  -2.20896      0.85
 0.987169  -2.20642      0.85
 0.987319  -2.20388      0.85
 0.987469  -2.20135      0.85
 0.987619  -2.19882      0.85
 0.987769  -2.19629      0.85
 0.987919  -2.19377      0.85
 0.988069  -2.19125      0.85
 0.988219  -2.18873      0.85
 0.988369  -2.18622      0.85
 0.988519  -2.18371      0.85
 0.988669  -2.18121      0.85
 0.988819  -2.17871      0.85
 0.988969  -2.17621      0.85
  0.98912  -2.17372      0.85
  0.98927  -2.17123      0.85
  0.98942  -2.16874      0.85
  0.98957  -2.16626      0.85
  0.98972  -2.16378      0.85
  0.98987  -2.16131      0.85
  0.99002  -2.15883      0.85
  0.99017  -2.15636      0.85
  0.99032   -2.1539      0.85
  0.99047  -2.15144      0.85
  0.99062  -2.14898      0.85
  0.99077  -2.14653      0.85
  0.99092  -2.14408      0.85
 0.991071  -2.14163      0.85
 0.991221  -2.13918      0.85
 0.991371  -2.13674      0.85
 0.991521  -2.13431      0.85
 0.991671  -2.13187      0.85
 0.991821  -2.12944      0.85
 0.991971  -2.12702      0.85
 0.992121   -2.1246      0.85
 0.992271  -2.12218      0.85
 0.992421  -2.11976      0.85
 0.992571  -2.11735      0.85
 0.992721  -2.11494      0.85
 0.992871  -2.11253      0.85
 0.993022  -2.11013      0.85
 0.993172  -2.10773      0.85
 0.993322  -2.10534      0.85
 0.993472  -2.10295      0.85
 0.993622  -2.10056      0.85
 0.993772  -2.09817      0.85
 0.993922  -2.09579      0.85
 0.994072  -2.09341      0.85
 0.994222  -2.09104      0.85
 0.994372  -2.08867      0.85
 0.994522   -2.0863      0.85
 0.994672  -2.08394      0.85
 0.994822  -2.08157      0.85
 0.994972  -2.07922      0.85
 0.995123  -2.07686      0.85
 0.995273  -2.07451      0.85
 0.995423  -2.07216      0.85
 0.995573  -2.06982      0.85
 0.995723  -2.06748      0.85
 0.995873  -2.06514      0.85
 0.996023  -2.06281      0.85
 0.996173  -2.06048      0.85
 0.996323  -2.05815      0.85
 0.996473  -2.05582      0.85
 0.996623   -2.0535      0.85
 0.996773  -2.05119      0.85
 0.996923  -2.04887      0.85
 0.997074  -2.04656      0.85
 0.997224  -2.04425      0.85
 0.997374  -2.04195      0.85
 0.997524  -2.03965      0.85
 0.997674  -2.03735      0.85
 0.997824  -2.03505      0.85
 0.997974  -2.03276      0.85
 0.998124  -2.03047      0.85
 0.998274  -2.02819      0.85
 0.998424  -2.02591      0.85
 0.998574  -2.02363      0.85
 0.998724  -2.02135      0.85
 0.998874  -2.01908      0.85
 0.999025  -2.01681      0.85
 0.999175  -2.01455      0.85
 0.999325  -2.01228      0.85
 0.999475  -2.01002      0.85
 0.999625  -2.00777      0.85
 0.999775  -2.00552      0.85
 0.999925  -2.00327      0.85
  1.00008  -2.00102      0.85
  1.00023  -1.99878      0.85
  1.00038  -1.99654      0.85
  1.00053   -1.9943      0.85
  1.00068  -1.99206      0.85
  1.00083  -1.98983      0.85
  1.00098  -1.98761      0.85
  1.00113  -1.98538      0.85
  1.00128  -1.98316      0.85
  1.00143  -1.98094      0.85
  1.00158  -1.97873      0.85
  1.00173  -1.97652      0.85
  1.00188  -1.97431      0.85
  1.00203   -1.9721      0.85
  1.00218   -1.9699      0.85
  1.00233   -1.9677      0.85
  1.00248   -1.9655      0.85
  1.00263  -1.96331      0.85
  1.00278  -1.96112      0.85
  1.00293  -1.95893      0.85
  1.00308  -1.95675      0.85
  1.00323  -1.95457      0.85
  1.00338  -1.95239      0.85
  1.00353  -1.95021      0.85
  1.00368  -1.94804      0.85
  1.00383  -1.94587      0.85
  1.00398  -1.94371      0.85
  1.00413  -1.94155      0.85
  1.00428  -1.93939      0.85
  1.00443  -1.93723      0.85
  1.00458  -1.93508      0.85
  1.00473  -1.93292      0.85
  1.00488  -1.93078      0.85
  1.00503  -1.92863      0.85
  1.00518  -1.92649      0.85
  1.00533  -1.92435      0.85
  1.00548  -1.92222      0.85
  1.00563  -1.92008      0.85
  1.00578  -1.91795      0.85
  1.00593  -1.91583      0.85
  1.00608   -1.9137      0.85
  1.00623  -1.91158      0.85
  1.00638  -1.90947      0.85
  1.00653  -1.90735      0.85
  1.00668  -1.90524      0.85
  1.00683  -1.90313      0.85
  1.00698  -1.90102      0.85
  1.00713  -1.89892      0.85
  1.00728  -1.89682      0.85
  1.00743  -1.89472      0.85
  1.00758  -1.89263      0.85
  1.00773  -1.89054      0.85
  1.00788  -1.88845      0.85
  1.00803  -1.88636      0.85
  1.00818  -1.88428      0.85
  1.00833   -1.8822      0.85
  1.00848  -1.88013      0.85
  1.00863  -1.87805      0.85
  1.00878  -1.87598      0.85
  1.00893  -1.87391      0.85
  1.00908  -1.87185      0.85
  1.00923  -1.86978      0.85
  1.00938  -1.86772      0.85
  1.00953  -1.86567      0.85
  1.00968  -1.86361      0.85
  1.00983  -1.86156      0.85
  1.00998  -1.85951      0.85
  1.01013  -1.85747      0.85
  1.01028  -1.85543      0.85
  1.01043  -1.85339      0.85
  1.01058  -1.85135      0.85
  1.01073  -1.84932      0.85
  1.01088  -1.84729      0.85
  1.01103  -1.84526      0.85
  1.01118  -1.84323      0.85
  1.01133  -1.84121      0.85
  1.01148  -1.83919      0.85
  1.01163  -1.83717      0.85
  1.01178  -1.83516      0.85
  1.01193  -1.83315      0.85
  1.01208  -1.83114      0.85
  1.01223  -1.82913      0.85
  1.01238  -1.82713      0.85
  1.01253  -1.82513      0.85
  1.01268  -1.82313      0.85
  1.01283  -1.82113      0.85
  1.01298  -1.81914      0.85
  1.01313  -1.81715      0.85
  1.01328  -1.81516      0.85
  1.01343  -1.81318      0.85
  1.01358   -1.8112      0.85
  1.01373  -1.80922      0.85
  1.01388  -1.80724      0.85
  1.01403  -1.80527      0.85
  1.01418   -1.8033      0.85
  1.01433  -1.80133      0.85
  1.01448  -1.79937      0.85
  1.01463  -1.79741      0.85
  1.01478  -1.79545      0.85
  1.01493  -1.79349      0.85
  1.01508  -1.79154      0.85
  1.01523  -1.78958      0.85
  1.01538  -1.78763      0.85
  1.01553  -1.78569      0.85
  1.01568  -1.78374      0.85
  1.01583   -1.7818      0.85
  1.01598  -1.77987      0.85
  1.01613  -1.77793      0.85
  1.01628    -1.776      0.85
  1.01643  -1.77407      0.85
  1.01658  -1.77214      0.85
  1.01673  -1.77021      0.85
  1.01688  -1.76829      0.85
  1.01703  -1.76637      0.85
  1.01718  -1.76445      0.85
  1.01733  -1.76254      0.85
  1.01748  -1.76063      0.85
  1.01763  -1.75872      0.85
  1.01778  -1.75681      0.85
  1.01793  -1.75491      0.85
  1.01808  -1.75301      0.85
  1.01823  -1.75111      0.85
  1.01838  -1.74921      0.85
  1.01853  -1.74732      0.85
  1.01868  -1.74543      0.85
  1.01883  -1.74354      0.85
  1.01898  -1.74165      0.85
  1.01913  -1.73977      0.85
  1.01928  -1.73789      0.85
  1.01943  -1.73601      0.85
  1.01958  -1.73413      0.85
  1.01973  -1.73226      0.85
  1.01988  -1.73039      0.85
  1.02004  -1.72852      0.85
  1.02019  -1.72666      0.85
  1.02034  -1.72479      0.85
  1.02049  -1.72293      0.85
  1.02064  -1.72108      0.85
  1.02079  -1.71922      0.85
  1.02094  -1.71737      0.85
  1.02109  -1.71552      0.85
  1.02124  -1.71367      0.85
  1.02139  -1.71182      0.85
  1.02154  -1.70998      0.85
  1.02169  -1.70814      0.85
  1.02184   -1.7063      0.85
  1.02199  -1.70447      0.85
  1.02214  -1.70263      0.85
  1.02229   -1.7008      0.85
  1.02244  -1.69898      0.85
  1.02259  -1.69715      0.85
  1.02274  -1.69533      0.85
  1.02289  -1.69351      0.85
  1.02304  -1.69169      0.85
  1.02319  -1.68987      0.85
  1.02334  -1.68806      0.85
  1.02349  -1.68625      0.85
  1.02364  -1.68444      0.85
  1.02379  -1.68264      0.85
  1.02394  -1.68083      0.85
  1.02409  -1.67903      0.85
  1.02424  -1.67723      0.85
  1.02439  -1.67544      0.85
  1.02454  -1.67364      0.85
  1.02469  -1.67185      0.85
  1.02484  -1.67006      0.85
  1.02499  -1.66828      0.85
  1.02514  -1.66649      0.85
  1.02529  -1.66471      0.85
  1.02544  -1.66293      0.85
  1.02559  -1.66116      0.85
  1.02574  -1.65938      0.85
  1.02589  -1.65761      0.85
  1.02604  -1.65584      0.85
  1.02619  -1.65407      0.85
  1.02634  -1.65231      0.85
  1.02649  -1.65055      0.85
  1.02664  -1.64879      0.85
  1.02679  -1.64703      0.85
  1.02694  -1.64527      0.85
  1.02709  -1.64352      0.85
  1.02724  -1.64177      0.85
  1.02739  -1.64002      0.85
  1.02754  -1.63827      0.85
  1.02769  -1.63653      0.85
  1.02784  -1.63479      0.85
  1.02799  -1.63305      0.85
  1.02814  -1.63131      0.85
  1.02829  -1.62958      0.85
  1.02844  -1.62785      0.85
  1.02859  -1.62612      0.85
  1.02874  -1.62439      0.85
  1.02889  -1.62267      0.85
  1.02904  -1.62094      0.85
  1.02919  -1.61922      0.85
  1.02934   -1.6175      0.85
  1.02949  -1.61579      0.85
  1.02964  -1.61407      0.85
  1.02979  -1.61236      0.85
  1.02994  -1.61065      0.85
  1.03009  -1.60895      0.85
  1.03024  -1.60724      0.85
  1.03039  -1.60554      0.85
  1.03054  -1.60384      0.85
  1.03069  -1.60214      0.85
  1.03084  -1.60045      0.85
  1.03099  -1.59876      0.85
  1.03114  -1.59706      0.85
  1.03129  -1.59538      0.85
  1.03144  -1.59369      0.85
  1.03159  -1.59201      0.85
  1.03174  -1.59032      0.85
  1.03189  -1.58864      0.85
  1.03204  -1.58697      0.85
  1.03219  -1.58529      0.85
  1.03234  -1.58362      0.85
  1.03249  -1.58195      0.85
  1.03264  -1.58028      0.85
  1.03279  -1.57861      0.85
  1.03294  -1.57695      0.85
  1.03309  -1.57529      0.85
  1.03324  -1.57363      0.85
  1.03339  -1.57197      0.85
  1.03354  -1.57032      0.85
  1.03369  -1.56866      0.85
  1.03384  -1.56701      0.85
  1.03399  -1.56536      0.85
  1.03414  -1.56372      0.85
  1.03429  -1.56207      0.85
  1.03444  -1.56043      0.85
  1.03459  -1.55879      0.85
  1.03474  -1.55715      0.85
  1.03489  -1.55552      0.85
  1.03504  -1.55388      0.85
  1.03519  -1.55225      0.85
  1.03534  -1.55062      0.85
  1.03549    -1.549      0.85
  1.03564  -1.54737      0.85
  1.03579  -1.54575      0.85
  1.03594  -1.54413      0.85
  1.03609  -1.54251      0.85
  1.03624  -1.54089      0.85
  1.03639  -1.53928      0.85
  1.03654  -1.53767      0.85
  1.03669  -1.53606      0.85
  1.03684  -1.53445      0.85
  1.03699  -1.53285      0.85
  1.03714  -1.53124      0.85
  1.03729  -1.52964      0.85
  1.03744  -1.52804      0.85
  1.03759  -1.52644      0.85
  1.03774  -1.52485      0.85
  1.03789  -1.52326      0.85
  1.03804  -1.52167      0.85
  1.03819  -1.52008      0.85
  1.03834  -1.51849      0.85
  1.03849  -1.51691      0.85
  1.03864  -1.51532      0.85
  1.03879  -1.51374      0.85
  1.03894  -1.51216      0.85
  1.03909  -1.51059      0.85
  1.03924  -1.50901      0.85
  1.03939  -1.50744      0.85
  1.03954  -1.50587      0.85
  1.03969   -1.5043      0.85
  1.03984  -1.50274      0.85
  1.03999  -1.50117      0.85
  1.04015  -1.49961      0.85
   1.0403  -1.49805      0.85
  1.04045  -1.49649      0.85
   1.0406  -1.49494      0.85
  1.04075  -1.49338      0.85
   1.0409  -1.49183      0.85
  1.04105  -1.49028      0.85
   1.0412  -1.48874      0.85
  1.04135  -1.48719      0.85
   1.0415  -1.48565      0.85
  1.04165  -1.48411      0.85
   1.0418  -1.48257      0.85
  1.04195  -1.48103      0.85
   1.0421  -1.47949      0.85
  1.04225  -1.47796      0.85
   1.0424  -1.47643      0.85
  1.04255   -1.4749      0.85
   1.0427  -1.47337      0.85
  1.04285  -1.47185      0.85
    1.043  -1.47032      0.85
  1.04315   -1.4688      0.85
   1.0433  -1.46728      0.85
  1.04345  -1.46576      0.85
   1.0436  -1.46425      0.85
  1.04375  -1.46273      0.85
   1.0439  -1.46122      0.85
  1.04405  -1.45971      0.85
   1.0442  -1.45821      0.85
  1.04435   -1.4567      0.85
   1.0445   -1.4552      0.85
  1.04465  -1.45369      0.85
   1.0448  -1.45219      0.85
  1.04495   -1.4507      0.85
   1.0451   -1.4492      0.85
  1.04525  -1.44771      0.85
   1.0454  -1.44621      0.85
  1.04555  -1.44472      0.85
   1.0457  -1.44324      0.85
  1.04585  -1.44175      0.85
    1.046  -1.44027      0.85
  1.04615  -1.43878      0.85
   1.0463   -1.4373      0.85
  1.04645  -1.43582      0.85
   1.0466  -1.43435      0.85
  1.04675  -1.43287      0.85
   1.0469   -1.4314      0.85
  1.04705  -1.42993      0.85
   1.0472  -1.42846      0.85
  1.04735  -1.42699      0.85
   1.0475  -1.42553      0.85
  1.04765  -1.42406      0.85
   1.0478   -1.4226      0.85
  1.04795  -1.42114      0.85
   1.0481  -1.41969      0.85
  1.04825  -1.41823      0.85
   1.0484  -1.41678      0.85
  1.04855  -1.41532      0.85
   1.0487  -1.41387      0.85
  1.04885  -1.41243      0.85
    1.049  -1.41098      0.85
  1.04915  -1.40953      0.85
   1.0493  -1.40809      0.85
  1.04945  -1.40665      0.85
   1.0496  -1.40521      0.85
  1.04975  -1.40378      0.85
   1.0499  -1.40234      0.85
  1.05005  -1.40091      0.85
   1.0502  -1.39947      0.85
  1.05035  -1.39805      0.85
   1.0505  -1.39662      0.85
  1.05065  -1.39519      0.85
   1.0508  -1.39377      0.85
  1.05095  -1.39234      0.85
   1.0511  -1.39092      0.85
  1.05125  -1.38951      0.85
   1.0514  -1.38809      0.85
  1.05155  -1.38667      0.85
   1.0517  -1.38526      0.85
  1.05185  -1.38385      0.85
    1.052  -1.38244      0.85
  1.05215  -1.38103      0.85
   1.0523  -1.37963      0.85
  1.05245  -1.37822      0.85
   1.0526  -1.37682      0.85
  1.05275  -1.37542      0.85
   1.0529  -1.37402      0.85
  1.05305  -1.37262      0.85
   1.0532  -1.37123      0.85
  1.05335  -1.36983      0.85
   1.0535  -1.36844      0.85
  1.05365  -1.36705      0.85
   1.0538  -1.36566      0.85
  1.05395  -1.36428      0.85
   1.0541  -1.36289      0.85
  1.05425  -1.36151      0.85
   1.0544  -1.36013      0.85
  1.05455  -1.35875      0.85
   1.0547  -1.35737      0.85
  1.05485    -1.356      0.85
    1.055  -1.35462      0.85
  1.05515  -1.35325      0.85
   1.0553  -1.35188      0.85
  1.05545  -1.35051      0.85
   1.0556  -1.34914      0.85
  1.05575  -1.34778      0.85
   1.0559  -1.34642      0.85
  1.05605  -1.34505      0.85
   1.0562  -1.34369      0.85
  1.05635  -1.34234      0.85
   1.0565  -1.34098      0.85
  1.05665  -1.33962      0.85
   1.0568  -1.33827      0.85
  1.05695  -1.33692      0.85
   1.0571  -1.33557      0.85
  1.05725  -1.33422      0.85
   1.0574  -1.33288      0.85
  1.05755  -1.33153      0.85
   1.0577  -1.33019      0.85
  1.05785  -1.32885      0.85
    1.058  -1.32751      0.85
  1.05815  -1.32617      0.85
   1.0583  -1.32483      0.85
  1.05845   -1.3235      0.85
   1.0586  -1.32217      0.85
  1.05875  -1.32084      0.85
   1.0589  -1.31951      0.85
  1.05905  -1.31818      0.85
   1.0592  -1.31685      0.85
  1.05935  -1.31553      0.85
   1.0595  -1.31421      0.85
  1.05965  -1.31289      0.85
   1.0598  -1.31157      0.85
  1.05995  -1.31025      0.85
  1.06011  -1.30893      0.85
  1.06026  -1.30762      0.85
  1.06041  -1.30631      0.85
  1.06056    -1.305      0.85
  1.06071  -1.30369      0.85
  1.06086  -1.30238      0.85
  1.06101  -1.30107      0.85
  1.06116  -1.29977      0.85
  1.06131  -1.29847      0.85
  1.06146  -1.29717      0.85
  1.06161  -1.29587      0.85
  1.06176  -1.29457      0.85
  1.06191  -1.29327      0.85
  1.06206  -1.29198      0.85
  1.06221  -1.29069      0.85
  1.06236  -1.28939      0.85
  1.06251  -1.28811      0.85
  1.06266  -1.28682      0.85
  1.06281  -1.28553      0.85
  1.06296  -1.28425      0.85
  1.06311  -1.28296      0.85
  1.06326  -1.28168      0.85
  1.06341   -1.2804      0.85
  1.06356  -1.27912      0.85
  1.06371  -1.27785      0.85
  1.06386  -1.27657      0.85
  1.06401   -1.2753      0.85
  1.06416  -1.27403      0.85
  1.06431  -1.27276      0.85
  1.06446  -1.27149      0.85
  1.06461  -1.27022      0.85
  1.06476  -1.26896      0.85
  1.06491  -1.26769      0.85
  1.06506  -1.26643      0.85
  1.06521  -1.26517      0.85
  1.06536  -1.26391      0.85
  1.06551  -1.26265      0.85
  1.06566   -1.2614      0.85
  1.06581  -1.26014      0.85
  1.06596  -1.25889      0.85
  1.06611  -1.25764      0.85
  1.06626  -1.25639      0.85
  1.06641  -1.25514      0.85
  1.06656   -1.2539      0.85
  1.06671  -1.25265      0.85
  1.06686  -1.25141      0.85
  1.06701  -1.25016      0.85
  1.06716  -1.24892      0.85
  1.06731  -1.24769      0.85
  1.06746  -1.24645      0.85
  1.06761  -1.24521      0.85
  1.06776  -1.24398      0.85
  1.06791  -1.24275      0.85
  1.06806  -1.24152      0.85
  1.06821  -1.24029      0.85
  1.06836  -1.23906      0.85
  1.06851  -1.23783      0.85
  1.06866  -1.23661      0.85
  1.06881  -1.23538      0.85
  1.06896  -1.23416      0.85
  1.06911  -1.23294      0.85
  1.06926  -1.23172      0.85
  1.06941  -1.23051      0.85
  1.06956  -1.22929      0.85
  1.06971  -1.22808      0.85
  1.06986  -1.22686      0.85
  1.07001  -1.22565      0.85
  1.07016  -1.22444      0.85
  1.07031  -1.22323      0.85
  1.07046  -1.22203      0.85
  1.07061  -1.22082      0.85
  1.07076  -1.21962      0.85
  1.07091  -1.21842      0.85
  1.07106  -1.21722      0.85
  1.07121  -1.21602      0.85
  1.07136  -1.21482      0.85
  1.07151  -1.21362      0.85
  1.07166  -1.21243      0.85
  1.07181  -1.21123      0.85
  1.07196  -1.21004      0.85
  1.07211  -1.20885      0.85
  1.07226  -1.20766      0.85
  1.07241  -1.20648      0.85
  1.07256  -1.20529      0.85
  1.07271  -1.20411      0.85
  1.07286  -1.20292      0.85
  1.07301  -1.20174      0.85
  1.07316  -1.20056      0.85
  1.07331  -1.19938      0.85
  1.07346  -1.19821      0.85
  1.07361  -1.19703      0.85
  1.07376  -1.19586      0.85
  1.07391  -1.19468      0.85
  1.07406  -1.19351      0.85
  1.07421  -1.19234      0.85
  1.07436  -1.19117      0.85
  1.07451  -1.19001      0.85
  1.07466  -1.18884      0.85
  1.07481  -1.18768      0.85
  1.07496  -1.18651      0.85
  1.07511  -1.18535      0.85
  1.07526  -1.18419      0.85
  1.07541  -1.18303      0.85
  1.07556  -1.18188      0.85
  1.07571  -1.18072      0.85
  1.07586  -1.17957      0.85
  1.07601  -1.17842      0.85
  1.07616  -1.17726      0.85
  1.07631  -1.17611      0.85
  1.07646  -1.17497      0.85
  1.07661  -1.17382      0.85
  1.07676  -1.17267      0.85
  1.07691  -1.17153      0.85
  1.07706  -1.17039      0.85
  1.07721  -1.16924      0.85
  1.07736   -1.1681      0.85
  1.07751  -1.16697      0.85
  1.07766  -1.16583      0.85
  1.07781  -1.16469      0.85
  1.07796  -1.16356      0.85
  1.07811  -1.16243      0.85
  1.07826  -1.16129      0.85
  1.07841  -1.16016      0.85
  1.07856  -1.15904      0.85
  1.07871  -1.15791      0.85
  1.07886  -1.15678      0.85
  1.07901  -1.15566      0.85
  1.07916  -1.15453      0.85
  1.07931  -1.15341      0.85
  1.07946  -1.15229      0.85
  1.07961  -1.15117      0.85
  1.07976  -1.15005      0.85
  1.07991  -1.14894      0.85
  1.08007  -1.14782      0.85
  1.08022  -1.14671      0.85
  1.08037   -1.1456      0.85
  1.08052  -1.14449      0.85
  1.08067  -1.14338      0.85
  1.08082  -1.14227      0.85
  1.08097  -1.14116      0.85
  1.08112  -1.14006      0.85
  1.08127  -1.13895      0.85
  1.08142  -1.13785      0.85
  1.08157  -1.13675      0.85
  1.08172  -1.13565      0.85
  1.08187  -1.13455      0.85
  1.08202  -1.13345      0.85
  1.08217  -1.13235      0.85
  1.08232  -1.13126      0.85
  1.08247  -1.13017      0.85
  1.08262  -1.12907      0.85
  1.08277  -1.12798      0.85
  1.08292  -1.12689      0.85
  1.08307  -1.12581      0.85
  1.08322  -1.12472      0.85
  1.08337  -1.12363      0.85
  1.08352  -1.12255      0.85
  1.08367  -1.12147      0.85
  1.08382  -1.12038      0.85
  1.08397   -1.1193      0.85
  1.08412  -1.11822      0.85
  1.08427  -1.11715      0.85
  1.08442  -1.11607      0.85
  1.08457    -1.115      0.85
  1.08472  -1.11392      0.85
  1.08487  -1.11285      0.85
  1.08502  -1.11178      0.85
  1.08517  -1.11071      0.85
  1.08532  -1.10964      0.85
  1.08547  -1.10857      0.85
  1.08562  -1.10751      0.85
  1.08577  -1.10644      0.85
  1.08592  -1.10538      0.85
  1.08607  -1.10432      0.85
  1.08622  -1.10326      0.85
  1.08637   -1.1022      0.85
  1.08652  -1.10114      0.85
  1.08667  -1.10008      0.85
  1.08682  -1.09903      0.85
  1.08697  -1.09797      0.85
  1.08712  -1.09692      0.85
  1.08727  -1.09587      0.85
  1.08742  -1.09482      0.85
  1.08757  -1.09377      0.85
  1.08772  -1.09272      0.85
  1.08787  -1.09167      0.85
  1.08802  -1.09063      0.85
  1.08817  -1.08958      0.85
  1.08832  -1.08854      0.85
  1.08847   -1.0875      0.85
  1.08862  -1.08646      0.85
  1.08877  -1.08542      0.85
  1.08892  -1.08438      0.85
  1.08907  -1.08334      0.85
  1.08922  -1.08231      0.85
  1.08937  -1.08127      0.85
  1.08952  -1.08024      0.85
  1.08967  -1.07921      0.85
  1.08982  -1.07818      0.85
  1.08997  -1.07715      0.85
  1.09012  -1.07612      0.85
  1.09027  -1.07509      0.85
  1.09042  -1.07407      0.85
  1.09057  -1.07304      0.85
  1.09072  -1.07202      0.85
  1.09087    -1.071      0.85
  1.09102  -1.06998      0.85
  1.09117  -1.06896      0.85
  1.09132  -1.06794      0.85
  1.09147  -1.06692      0.85
  1.09162  -1.06591      0.85
  1.09177  -1.06489      0.85
  1.09192  -1.06388      0.85
  1.09207  -1.06287      0.85
  1.09222  -1.06186      0.85
  1.09237  -1.06085      0.85
  1.09252  -1.05984      0.85
  1.09267  -1.05883      0.85
  1.09282  -1.05783      0.85
  1.09297  -1.05682      0.85
  1.09312  -1.05582      0.85
  1.09327  -1.05482      0.85
  1.09342  -1.05381      0.85
  1.09357  -1.05281      0.85
  1.09372  -1.05182      0.85
  1.09387  -1.05082      0.85
  1.09402  -1.04982      0.85
  1.09417  -1.04883      0.85
  1.09432  -1.04783      0.85
  1.09447  -1.04684      0.85
  1.09462  -1.04585      0.85
  1.09477  -1.04486      0.85
  1.09492  -1.04387      0.85
  1.09507  -1.04288      0.85
  1.09522  -1.04189      0.85
  1.09537  -1.04091      0.85
  1.09552  -1.03992      0.85
  1.09567  -1.03894      0.85
  1.09582  -1.03796      0.85
  1.09597  -1.03697      0.85
  1.09612  -1.03599      0.85
  1.09627  -1.03502      0.85
  1.09642  -1.03404      0.85
  1.09657  -1.03306      0.85
  1.09672  -1.03209      0.85
  1.09687  -1.03111      0.85
  1.09702  -1.03014      0.85
  1.09717  -1.02917      0.85
  1.09732   -1.0282      0.85
  1.09747  -1.02723      0.85
  1.09762  -1.02626      0.85
  1.09777  -1.02529      0.85
  1.09792  -1.02433      0.85
  1.09807  -1.02336      0.85
  1.09822   -1.0224      0.85
  1.09837  -1.02143      0.85
  1.09852  -1.02047      0.85
  1.09867  -1.01951      0.85
  1.09882  -1.01855      0.85
  1.09897   -1.0176      0.85
  1.09912  -1.01664      0.85
  1.09927  -1.01568      0.85
  1.09942  -1.01473      0.85
  1.09957  -1.01377      0.85
  1.09972  -1.01282      0.85
  1.09987  -1.01187      0.85
  1.10003  -1.01092      0.85
  1.10018  -1.00997      0.85
  1.10033  -1.00902      0.85
  1.10048  -1.00808      0.85
  1.10063  -1.00713      0.85
  1.10078  -1.00619      0.85
  1.10093  -1.00524      0.85
  1.10108   -1.0043      0.85
  1.10123  -1.00336      0.85
  1.10138  -1.00242      0.85
  1.10153  -1.00148      0.85
  1.10168  -1.00054      0.85
  1.10183 -0.999607      0.85
  1.10198 -0.998671      0.85
  1.10213 -0.997737      0.85
  1.10228 -0.996803      0.85
  1.10243 -0.995871      0.85
  1.10258 -0.994939      0.85
  1.10273 -0.994009      0.85
  1.10288  -0.99308      0.85
  1.10303 -0.992152      0.85
  1.10318 -0.991225      0.85
  1.10333   -0.9903      0.85
  1.10348 -0.989375      0.85
  1.10363 -0.988451      0.85
  1.10378 -0.987529      0.85
  1.10393 -0.986607      0.85
  1.10408 -0.985687      0.85
  1.10423 -0.984768      0.85
  1.10438  -0.98385      0.85
  1.10453 -0.982933      0.85
  1.10468 -0.982017      0.85
  1.10483 -0.981102      0.85
  1.10498 -0.980188      0.85
  1.10513 -0.979275      0.85
  1.10528 -0.978363      0.85
  1.10543 -0.977452      0.85
  1.10558 -0.976543      0.85
  1.10573 -0.975634      0.85
  1.10588 -0.974727      0.85
  1.10603  -0.97382      0.85
  1.10618 -0.972915      0.85
  1.10633 -0.972011      0.85
  1.10648 -0.971108      0.85
  1.10663 -0.970205      0.85
  1.10678 -0.969304      0.85
  1.10693 -0.968404      0.85
  1.10708 -0.967505      0.85
  1.10723 -0.966607      0.85
  1.10738  -0.96571      0.85
  1.10753 -0.964815      0.85
  1.10768  -0.96392      0.85
  1.10783 -0.963026      0.85
  1.10798 -0.962133      0.85
  1.10813 -0.961242      0.85
  1.10828 -0.960351      0.85
  1.10843 -0.959461      0.85
  1.10858 -0.958573      0.85
  1.10873 -0.957685      0.85
  1.10888 -0.956799      0.85
  1.10903 -0.955913      0.85
  1.10918 -0.955029      0.85
  1.10933 -0.954146      0.85
  1.10948 -0.953263      0.85
  1.10963 -0.952382      0.85
  1.10978 -0.951502      0.85
  1.10993 -0.950622      0.85
  1.11008 -0.949744      0.85
  1.11023 -0.948867      0.85
  1.11038 -0.947991      0.85
  1.11053 -0.947116      0.85
  1.11068 -0.946241      0.85
  1.11083 -0.945368      0.85
  1.11098 -0.944496      0.85
  1.11113 -0.943625      0.85
  1.11128 -0.942755      0.85
  1.11143 -0.941886      0.85
  1.11158 -0.941018      0.85
  1.11173 -0.940151      0.85
  1.11188 -0.939285      0.85
  1.11203 -0.938419      0.85
  1.11218 -0.937555      0.85
  1.11233 -0.936692      0.85
  1.11248  -0.93583      0.85
  1.11263 -0.934969      0.85
  1.11278 -0.934109      0.85
  1.11293  -0.93325      0.85
  1.11308 -0.932392      0.85
  1.11323 -0.931535      0.85
  1.11338 -0.930679      0.85
  1.11353 -0.929824      0.85
  1.11368  -0.92897      0.85
  1.11383 -0.928116      0.85
  1.11398 -0.927264      0.85
  1.11413 -0.926413      0.85
  1.11428 -0.925563      0.85
  1.11443 -0.924714      0.85
  1.11458 -0.923866      0.85
  1.11473 -0.923018      0.85
  1.11488 -0.922172      0.85
  1.11503 -0.921327      0.85
  1.11518 -0.920483      0.85
  1.11533 -0.919639      0.85
  1.11548 -0.918797      0.85
  1.11563 -0.917956      0.85
  1.11578 -0.917115      0.85
  1.11593 -0.916276      0.85
  1.11608 -0.915437      0.85
  1.11623   -0.9146      0.85
  1.11638 -0.913763      0.85
  1.11653 -0.912928      0.85
  1.11668 -0.912093      0.85
  1.11683  -0.91126      0.85
  1.11698 -0.910427      0.85
  1.11713 -0.909595      0.85
  1.11728 -0.908764      0.85
  1.11743 -0.907935      0.85
  1.11758 -0.907106      0.85
  1.11773 -0.906278      0.85
  1.11788 -0.905451      0.85
  1.11803 -0.904625      0.85
  1.11818   -0.9038      0.85
  1.11833 -0.902976      0.85
  1.11848 -0.902153      0.85
  1.11863  -0.90133      0.85
  1.11878 -0.900509      0.85
  1.11893 -0.899689      0.85
  1.11908  -0.89887      0.85
  1.11923 -0.898051      0.85
  1.11938 -0.897234      0.85
  1.11953 -0.896417      0.85
  1.11968 -0.895601      0.85
  1.11983 -0.894787      0.85
  1.11998 -0.893973      0.85
  1.12014  -0.89316      0.85
  1.12029 -0.892348      0.85
  1.12044 -0.891537      0.85
  1.12059 -0.890727      0.85
  1.12074 -0.889918      0.85
  1.12089  -0.88911      0.85
  1.12104 -0.888303      0.85
  1.12119 -0.887496      0.85
  1.12134 -0.886691      0.85
  1.12149 -0.885887      0.85
  1.12164 -0.885083      0.85
  1.12179  -0.88428      0.85
  1.12194 -0.883479      0.85
  1.12209 -0.882678      0.85
  1.12224 -0.881878      0.85
  1.12239 -0.881079      0.85
  1.12254 -0.880281      0.85
  1.12269 -0.879484      0.85
  1.12284 -0.878687      0.85
  1.12299 -0.877892      0.85
  1.12314 -0.877098      0.85
  1.12329 -0.876304      0.85
  1.12344 -0.875511      0.85
  1.12359  -0.87472      0.85
  1.12374 -0.873929      0.85
  1.12389 -0.873139      0.85
  1.12404  -0.87235      0.85
  1.12419 -0.871562      0.85
  1.12434 -0.870775      0.85
  1.12449 -0.869988      0.85
  1.12464 -0.869203      0.85
  1.12479 -0.868418      0.85
  1.12494 -0.867635      0.85
  1.12509 -0.866852      0.85
  1.12524  -0.86607      0.85
  1.12539 -0.865289      0.85
  1.12554 -0.864509      0.85
  1.12569  -0.86373      0.85
  1.12584 -0.862951      0.85
  1.12599 -0.862174      0.85
  1.12614 -0.861397      0.85
  1.12629 -0.860622      0.85
  1.12644 -0.859847      0.85
  1.12659 -0.859073      0.85
  1.12674   -0.8583      0.85
  1.12689 -0.857528      0.85
  1.12704 -0.856756      0.85
  1.12719 -0.855986      0.85
  1.12734 -0.855217      0.85
  1.12749 -0.854448      0.85
  1.12764  -0.85368      0.85
  1.12779 -0.852913      0.85
  1.12794 -0.852147      0.85
  1.12809 -0.851382      0.85
  1.12824 -0.850618      0.85
  1.12839 -0.849854      0.85
  1.12854 -0.849091      0.85
  1.12869  -0.84833      0.85
  1.12884 -0.847569      0.85
  1.12899 -0.846809      0.85
  1.12914  -0.84605      0.85
  1.12929 -0.845291      0.85
  1.12944 -0.844534      0.85
  1.12959 -0.843777      0.85
  1.12974 -0.843022      0.85
  1.12989 -0.842267      0.85
  1.13004 -0.841513      0.85
  1.13019 -0.840759      0.85
  1.13034 -0.840007      0.85
  1.13049 -0.839256      0.85
  1.13064 -0.838505      0.85
  1.13079 -0.837755      0.85
  1.13094 -0.837006      0.85
  1.13109 -0.836258      0.85
  1.13124 -0.835511      0.85
  1.13139 -0.834765      0.85
  1.13154 -0.834019      0.85
  1.13169 -0.833274      0.85
  1.13184  -0.83253      0.85
  1.13199 -0.831787      0.85
  1.13214 -0.831045      0.85
  1.13229 -0.830304      0.85
  1.13244 -0.829563      0.85
  1.13259 -0.828823      0.85
  1.13274 -0.828084      0.85
  1.13289 -0.827346      0.85
  1.13304 -0.826609      0.85
  1.13319 -0.825873      0.85
  1.13334 -0.825137      0.85
  1.13349 -0.824402      0.85
  1.13364 -0.823668      0.85
  1.13379 -0.822935      0.85
  1.13394 -0.822203      0.85
  1.13409 -0.821472      0.85
  1.13424 -0.820741      0.85
  1.13439 -0.820011      0.85
  1.13454 -0.819282      0.85
  1.13469 -0.818554      0.85
  1.13484 -0.817826      0.85
  1.13499   -0.8171      0.85
  1.13514 -0.816374      0.85
  1.13529 -0.815649      0.85
  1.13544 -0.814925      0.85
  1.13559 -0.814202      0.85
  1.13574 -0.813479      0.85
  1.13589 -0.812758      0.85
  1.13604 -0.812037      0.85
  1.13619 -0.811317      0.85
  1.13634 -0.810597      0.85
  1.13649 -0.809879      0.85
  1.13664 -0.809161      0.85
  1.13679 -0.808444      0.85
  1.13694 -0.807728      0.85
  1.13709 -0.807013      0.85
  1.13724 -0.806298      0.85
  1.13739 -0.805585      0.85
  1.13754 -0.804872      0.85
  1.13769  -0.80416      0.85
  1.13784 -0.803448      0.85
  1.13799 -0.802738      0.85
  1.13814 -0.802028      0.85
  1.13829 -0.801319      0.85
  1.13844 -0.800611      0.85
  1.13859 -0.799904      0.85
  1.13874 -0.799197      0.85
  1.13889 -0.798491      0.85
  1.13904 -0.797786      0.85
  1.13919 -0.797082      0.85
  1.13934 -0.796379      0.85
  1.13949 -0.795676      0.85
  1.13964 -0.794974      0.85
  1.13979 -0.794273      0.85
  1.13994 -0.793573      0.85
   1.1401 -0.792873      0.85
  1.14025 -0.792175      0.85
   1.1404 -0.791477      0.85
  1.14055  -0.79078      0.85
   1.1407 -0.790083      0.85
  1.14085 -0.789387      0.85
    1.141 -0.788693      0.85
  1.14115 -0.787998      0.85
   1.1413 -0.787305      0.85
  1.14145 -0.786613      0.85
   1.1416 -0.785921      0.85
  1.14175  -0.78523      0.85
   1.1419 -0.784539      0.85
  1.14205  -0.78385      0.85
   1.1422 -0.783161      0.85
  1.14235 -0.782473      0.85
   1.1425 -0.781786      0.85
  1.14265   -0.7811      0.85
   1.1428 -0.780414      0.85
  1.14295 -0.779729      0.85
   1.1431 -0.779045      0.85
  1.14325 -0.778361      0.85
   1.1434 -0.777679      0.85
  1.14355 -0.776997      0.85
   1.1437 -0.776316      0.85
  1.14385 -0.775635      0.85
    1.144 -0.774956      0.85
  1.14415 -0.774277      0.85
   1.1443 -0.773599      0.85
  1.14445 -0.772921      0.85
   1.1446 -0.772244      0.85
  1.14475 -0.771569      0.85
   1.1449 -0.770893      0.85
  1.14505 -0.770219      0.85
   1.1452 -0.769545      0.85
  1.14535 -0.768872      0.85
   1.1455   -0.7682      0.85
  1.14565 -0.767529      0.85
   1.1458 -0.766858      0.85
  1.14595 -0.766188      0.85
   1.1461 -0.765519      0.85
  1.14625  -0.76485      0.85
   1.1464 -0.764182      0.85
  1.14655 -0.763515      0.85
   1.1467 -0.762849      0.85
  1.14685 -0.762184      0.85
    1.147 -0.761519      0.85
  1.14715 -0.760855      0.85
   1.1473 -0.760191      0.85
  1.14745 -0.759529      0.85
   1.1476 -0.758867      0.85
  1.14775 -0.758205      0.85
   1.1479 -0.757545      0.85
  1.14805 -0.756885      0.85
   1.1482 -0.756226      0.85
  1.14835 -0.755568      0.85
   1.1485  -0.75491      0.85
  1.14865 -0.754254      0.85
   1.1488 -0.753597      0.85
  1.14895 -0.752942      0.85
   1.1491 -0.752287      0.85
  1.14925 -0.751633      0.85
   1.1494  -0.75098      0.85
  1.14955 -0.750328      0.85
   1.1497 -0.749676      0.85
  1.14985 -0.749025      0.85
     1.15 -0.748374      0.85