 kgrid  ValNew  Policy 
    0.85 -13.1925 0.863357
 0.85015 -13.1815 0.863357
  0.8503 -13.1706 0.863507
 0.85045 -13.1597 0.863507
  0.8506 -13.1488 0.863657
 0.85075 -13.1379 0.863657
  0.8509 -13.1271 0.863807
0.851051 -13.1162 0.863957
0.851201 -13.1054 0.863957
0.851351 -13.0945 0.864107
0.851501 -13.0837 0.864107
0.851651 -13.0729 0.864257
0.851801 -13.0621 0.864257
0.851951 -13.0513 0.864407
0.852101 -13.0405 0.864407
0.852251 -13.0297 0.864557
0.852401  -13.019 0.864557
0.852551 -13.0082 0.864707
0.852701 -12.9975 0.864707
0.852851 -12.9868 0.864857
0.853002 -12.9761 0.864857
0.853152 -12.9654 0.865008
0.853302 -12.9547 0.865008
0.853452  -12.944 0.865158
0.853602 -12.9333 0.865158
0.853752 -12.9227 0.865308
0.853902  -12.912 0.865458
0.854052 -12.9014 0.865458
0.854202 -12.8908 0.865608
0.854352 -12.8801 0.865608
0.854502 -12.8695 0.865758
0.854652  -12.859 0.865758
0.854802 -12.8484 0.865908
0.854952 -12.8378 0.865908
0.855103 -12.8273 0.866058
0.855253 -12.8167 0.866058
0.855403 -12.8062 0.866208
0.855553 -12.7957 0.866208
0.855703 -12.7851 0.866358
0.855853 -12.7746 0.866358
0.856003 -12.7641 0.866508
0.856153 -12.7537 0.866508
0.856303 -12.7432 0.866658
0.856453 -12.7327 0.866808
0.856603 -12.7223 0.866808
0.856753 -12.7119 0.866958
0.856903 -12.7014 0.866958
0.857054  -12.691 0.867109
0.857204 -12.6806 0.867109
0.857354 -12.6702 0.867259
0.857504 -12.6598 0.867259
0.857654 -12.6495 0.867409
0.857804 -12.6391 0.867409
0.857954 -12.6288 0.867559
0.858104 -12.6184 0.867559
0.858254 -12.6081 0.867709
0.858404 -12.5978 0.867709
0.858554 -12.5875 0.867859
0.858704 -12.5772 0.867859
0.858854 -12.5669 0.868009
0.859005 -12.5566 0.868009
0.859155 -12.5464 0.868159
0.859305 -12.5361 0.868309
0.859455 -12.5259 0.868309
0.859605 -12.5156 0.868459
0.859755 -12.5054 0.868459
0.859905 -12.4952 0.868609
0.860055  -12.485 0.868609
0.860205 -12.4748 0.868759
0.860355 -12.4647 0.868759
0.860505 -12.4545 0.868909
0.860655 -12.4443 0.868909
0.860805 -12.4342  0.86906
0.860955  -12.424  0.86906
0.861106 -12.4139  0.86921
0.861256 -12.4038  0.86921
0.861406 -12.3937  0.86936
0.861556 -12.3836  0.86936
0.861706 -12.3735  0.86951
0.861856 -12.3635  0.86966
0.862006 -12.3534  0.86966
0.862156 -12.3433  0.86981
0.862306 -12.3333  0.86981
0.862456 -12.3233  0.86996
0.862606 -12.3133  0.86996
0.862756 -12.3032  0.87011
0.862906 -12.2932  0.87011
0.863057 -12.2833  0.87026
0.863207 -12.2733  0.87026
0.863357 -12.2633  0.87041
0.863507 -12.2534  0.87041
0.863657 -12.2434  0.87056
0.863807 -12.2335  0.87056
0.863957 -12.2235  0.87071
0.864107 -12.2136  0.87071
0.864257 -12.2037  0.87086
0.864407 -12.1938 0.871011
0.864557 -12.1839 0.871011
0.864707 -12.1741 0.871161
0.864857 -12.1642 0.871161
0.865008 -12.1543 0.871311
0.865158 -12.1445 0.871311
0.865308 -12.1347 0.871461
0.865458 -12.1248 0.871461
0.865608  -12.115 0.871611
0.865758 -12.1052 0.871611
0.865908 -12.0954 0.871761
0.866058 -12.0856 0.871761
0.866208 -12.0759 0.871911
0.866358 -12.0661 0.871911
0.866508 -12.0563 0.872061
0.866658 -12.0466 0.872061
0.866808 -12.0369 0.872211
0.866958 -12.0271 0.872211
0.867109 -12.0174 0.872361
0.867259 -12.0077 0.872511
0.867409  -11.998 0.872511
0.867559 -11.9883 0.872661
0.867709 -11.9787 0.872661
0.867859  -11.969 0.872811
0.868009 -11.9593 0.872811
0.868159 -11.9497 0.872961
0.868309 -11.9401 0.872961
0.868459 -11.9304 0.873112
0.868609 -11.9208 0.873112
0.868759 -11.9112 0.873262
0.868909 -11.9016 0.873262
 0.86906  -11.892 0.873412
 0.86921 -11.8825 0.873412
 0.86936 -11.8729 0.873562
 0.86951 -11.8633 0.873562
 0.86966 -11.8538 0.873712
 0.86981 -11.8443 0.873862
 0.86996 -11.8347 0.873862
 0.87011 -11.8252 0.874012
 0.87026 -11.8157 0.874012
 0.87041 -11.8062 0.874162
 0.87056 -11.7967 0.874162
 0.87071 -11.7873 0.874312
 0.87086 -11.7778 0.874312
0.871011 -11.7683 0.874462
0.871161 -11.7589 0.874462
0.871311 -11.7494 0.874612
0.871461   -11.74 0.874612
0.871611 -11.7306 0.874762
0.871761 -11.7212 0.874762
0.871911 -11.7118 0.874912
0.872061 -11.7024 0.874912
0.872211  -11.693 0.875063
0.872361 -11.6836 0.875063
0.872511 -11.6743 0.875213
0.872661 -11.6649 0.875363
0.872811 -11.6556 0.875363
0.872961 -11.6462 0.875513
0.873112 -11.6369 0.875513
0.873262 -11.6276 0.875663
0.873412 -11.6183 0.875663
0.873562  -11.609 0.875813
0.873712 -11.5997 0.875813
0.873862 -11.5904 0.875963
0.874012 -11.5812 0.875963
0.874162 -11.5719 0.876113
0.874312 -11.5627 0.876113
0.874462 -11.5534 0.876263
0.874612 -11.5442 0.876263
0.874762  -11.535 0.876413
0.874912 -11.5258 0.876413
0.875063 -11.5166 0.876563
0.875213 -11.5074 0.876713
0.875363 -11.4982 0.876713
0.875513  -11.489 0.876863
0.875663 -11.4799 0.876863
0.875813 -11.4707 0.877014
0.875963 -11.4616 0.877014
0.876113 -11.4524 0.877164
0.876263 -11.4433 0.877164
0.876413 -11.4342 0.877314
0.876563 -11.4251 0.877314
0.876713  -11.416 0.877464
0.876863 -11.4069 0.877464
0.877014 -11.3978 0.877614
0.877164 -11.3887 0.877614
0.877314 -11.3797 0.877764
0.877464 -11.3706 0.877764
0.877614 -11.3616 0.877914
0.877764 -11.3525 0.877914
0.877914 -11.3435 0.878064
0.878064 -11.3345 0.878214
0.878214 -11.3255 0.878214
0.878364 -11.3165 0.878364
0.878514 -11.3075 0.878364
0.878664 -11.2985 0.878514
0.878814 -11.2896 0.878514
0.878964 -11.2806 0.878664
0.879115 -11.2716 0.878664
0.879265 -11.2627 0.878814
0.879415 -11.2538 0.878814
0.879565 -11.2448 0.878964
0.879715 -11.2359 0.878964
0.879865  -11.227 0.879115
0.880015 -11.2181 0.879115
0.880165 -11.2092 0.879265
0.880315 -11.2004 0.879265
0.880465 -11.1915 0.879415
0.880615 -11.1826 0.879415
0.880765 -11.1738 0.879565
0.880915 -11.1649 0.879715
0.881066 -11.1561 0.879715
0.881216 -11.1473 0.879865
0.881366 -11.1384 0.879865
0.881516 -11.1296 0.880015
0.881666 -11.1208 0.880015
0.881816  -11.112 0.880165
0.881966 -11.1033 0.880165
0.882116 -11.0945 0.880315
0.882266 -11.0857 0.880315
0.882416  -11.077 0.880465
0.882566 -11.0682 0.880465
0.882716 -11.0595 0.880615
0.882866 -11.0508 0.880615
0.883017  -11.042 0.880765
0.883167 -11.0333 0.880765
0.883317 -11.0246 0.880915
0.883467 -11.0159 0.881066
0.883617 -11.0072 0.881066
0.883767 -10.9986 0.881216
0.883917 -10.9899 0.881216
0.884067 -10.9812 0.881366
0.884217 -10.9726 0.881366
0.884367 -10.9639 0.881516
0.884517 -10.9553 0.881516
0.884667 -10.9467 0.881666
0.884817 -10.9381 0.881666
0.884967 -10.9295 0.881816
0.885118 -10.9209 0.881816
0.885268 -10.9123 0.881966
0.885418 -10.9037 0.881966
0.885568 -10.8951 0.882116
0.885718 -10.8866 0.882116
0.885868  -10.878 0.882266
0.886018 -10.8694 0.882266
0.886168 -10.8609 0.882416
0.886318 -10.8524 0.882566
0.886468 -10.8439 0.882566
0.886618 -10.8353 0.882716
0.886768 -10.8268 0.882716
0.886918 -10.8183 0.882866
0.887069 -10.8099 0.882866
0.887219 -10.8014 0.883017
0.887369 -10.7929 0.883017
0.887519 -10.7844 0.883167
0.887669  -10.776 0.883167
0.887819 -10.7675 0.883317
0.887969 -10.7591 0.883317
0.888119 -10.7507 0.883467
0.888269 -10.7423 0.883467
0.888419 -10.7338 0.883617
0.888569 -10.7254 0.883617
0.888719  -10.717 0.883767
0.888869 -10.7087 0.883767
 0.88902 -10.7003 0.883917
 0.88917 -10.6919 0.884067
 0.88932 -10.6836 0.884067
 0.88947 -10.6752 0.884217
 0.88962 -10.6669 0.884217
 0.88977 -10.6585 0.884367
 0.88992 -10.6502 0.884367
 0.89007 -10.6419 0.884517
 0.89022 -10.6336 0.884517
 0.89037 -10.6253 0.884667
 0.89052  -10.617 0.884667
 0.89067 -10.6087 0.884817
 0.89082 -10.6004 0.884817
 0.89097 -10.5921 0.884967
0.891121 -10.5839 0.884967
0.891271 -10.5756 0.885118
0.891421 -10.5674 0.885118
0.891571 -10.5591 0.885268
0.891721 -10.5509 0.885418
0.891871 -10.5427 0.885418
0.892021 -10.5345 0.885568
0.892171 -10.5263 0.885568
0.892321 -10.5181 0.885718
0.892471 -10.5099 0.885718
0.892621 -10.5017 0.885868
0.892771 -10.4935 0.885868
0.892921 -10.4854 0.886018
0.893072 -10.4772 0.886018
0.893222 -10.4691 0.886168
0.893372 -10.4609 0.886168
0.893522 -10.4528 0.886318
0.893672 -10.4447 0.886318
0.893822 -10.4365 0.886468
0.893972 -10.4284 0.886468
0.894122 -10.4203 0.886618
0.894272 -10.4122 0.886618
0.894422 -10.4042 0.886768
0.894572 -10.3961 0.886918
0.894722  -10.388 0.886918
0.894872   -10.38 0.887069
0.895023 -10.3719 0.887069
0.895173 -10.3639 0.887219
0.895323 -10.3558 0.887219
0.895473 -10.3478 0.887369
0.895623 -10.3398 0.887369
0.895773 -10.3318 0.887519
0.895923 -10.3238 0.887519
0.896073 -10.3158 0.887669
0.896223 -10.3078 0.887669
0.896373 -10.2998 0.887819
0.896523 -10.2918 0.887819
0.896673 -10.2839 0.887969
0.896823 -10.2759 0.887969
0.896973  -10.268 0.888119
0.897124   -10.26 0.888119
0.897274 -10.2521 0.888269
0.897424 -10.2442 0.888419
0.897574 -10.2362 0.888419
0.897724 -10.2283 0.888569
0.897874 -10.2204 0.888569
0.898024 -10.2125 0.888719
0.898174 -10.2046 0.888719
0.898324 -10.1968 0.888869
0.898474 -10.1889 0.888869
0.898624  -10.181  0.88902
0.898774 -10.1732  0.88902
0.898924 -10.1653  0.88917
0.899075 -10.1575  0.88917
0.899225 -10.1497  0.88932
0.899375 -10.1418  0.88932
0.899525  -10.134  0.88947
0.899675 -10.1262  0.88947
0.899825 -10.1184  0.88962
0.899975 -10.1106  0.88962
0.900125 -10.1028  0.88977
0.900275  -10.095  0.88992
0.900425 -10.0873  0.88992
0.900575 -10.0795  0.89007
0.900725 -10.0718  0.89007
0.900875  -10.064  0.89022
0.901026 -10.0563  0.89022
0.901176 -10.0485  0.89037
0.901326 -10.0408  0.89037
0.901476 -10.0331  0.89052
0.901626 -10.0254  0.89052
0.901776 -10.0177  0.89067
0.901926   -10.01  0.89067
0.902076 -10.0023  0.89082
0.902226 -9.99461  0.89082
0.902376 -9.98694  0.89097
0.902526 -9.97928  0.89097
0.902676 -9.97162 0.891121
0.902826 -9.96397 0.891121
0.902976 -9.95632 0.891271
0.903127 -9.94869 0.891421
0.903277 -9.94106 0.891421
0.903427 -9.93344 0.891571
0.903577 -9.92583 0.891571
0.903727 -9.91822 0.891721
0.903877 -9.91062 0.891721
0.904027 -9.90303 0.891871
0.904177 -9.89545 0.891871
0.904327 -9.88787 0.892021
0.904477 -9.88031 0.892021
0.904627 -9.87274 0.892171
0.904777 -9.86519 0.892171
0.904927 -9.85764 0.892321
0.905078 -9.85011 0.892321
0.905228 -9.84257 0.892471
0.905378 -9.83505 0.892471
0.905528 -9.82753 0.892621
0.905678 -9.82002 0.892621
0.905828 -9.81252 0.892771
0.905978 -9.80503 0.892921
0.906128 -9.79754 0.892921
0.906278 -9.79006 0.893072
0.906428 -9.78258 0.893072
0.906578 -9.77512 0.893222
0.906728 -9.76766 0.893222
0.906878 -9.76021 0.893372
0.907029 -9.75276 0.893372
0.907179 -9.74533 0.893522
0.907329  -9.7379 0.893522
0.907479 -9.73047 0.893672
0.907629 -9.72306 0.893672
0.907779 -9.71565 0.893822
0.907929 -9.70825 0.893822
0.908079 -9.70085 0.893972
0.908229 -9.69347 0.893972
0.908379 -9.68609 0.894122
0.908529 -9.67872 0.894122
0.908679 -9.67135 0.894272
0.908829   -9.664 0.894422
0.908979 -9.65664 0.894422
 0.90913  -9.6493 0.894572
 0.90928 -9.64196 0.894572
 0.90943 -9.63463 0.894722
 0.90958 -9.62731 0.894722
 0.90973    -9.62 0.894872
 0.90988 -9.61269 0.894872
 0.91003 -9.60539 0.895023
 0.91018 -9.59809 0.895023
 0.91033  -9.5908 0.895173
 0.91048 -9.58353 0.895173
 0.91063 -9.57625 0.895323
 0.91078 -9.56899 0.895323
 0.91093 -9.56173 0.895473
0.911081 -9.55448 0.895473
0.911231 -9.54723 0.895623
0.911381 -9.53999 0.895773
0.911531 -9.53276 0.895773
0.911681 -9.52554 0.895923
0.911831 -9.51832 0.895923
0.911981 -9.51111 0.896073
0.912131 -9.50391 0.896073
0.912281 -9.49671 0.896223
0.912431 -9.48952 0.896223
0.912581 -9.48234 0.896373
0.912731 -9.47517 0.896373
0.912881   -9.468 0.896523
0.913032 -9.46084 0.896523
0.913182 -9.45368 0.896673
0.913332 -9.44653 0.896673
0.913482 -9.43939 0.896823
0.913632 -9.43226 0.896823
0.913782 -9.42513 0.896973
0.913932 -9.41801 0.896973
0.914082  -9.4109 0.897124
0.914232 -9.40379 0.897274
0.914382 -9.39669 0.897274
0.914532  -9.3896 0.897424
0.914682 -9.38251 0.897424
0.914832 -9.37544 0.897574
0.914982 -9.36836 0.897574
0.915133  -9.3613 0.897724
0.915283 -9.35424 0.897724
0.915433 -9.34719 0.897874
0.915583 -9.34014 0.897874
0.915733  -9.3331 0.898024
0.915883 -9.32607 0.898024
0.916033 -9.31905 0.898174
0.916183 -9.31203 0.898174
0.916333 -9.30502 0.898324
0.916483 -9.29801 0.898324
0.916633 -9.29101 0.898474
0.916783 -9.28402 0.898474
0.916933 -9.27704 0.898624
0.917084 -9.27006 0.898624
0.917234 -9.26309 0.898774
0.917384 -9.25613 0.898924
0.917534 -9.24917 0.898924
0.917684 -9.24222 0.899075
0.917834 -9.23527 0.899075
0.917984 -9.22833 0.899225
0.918134  -9.2214 0.899225
0.918284 -9.21448 0.899375
0.918434 -9.20756 0.899375
0.918584 -9.20065 0.899525
0.918734 -9.19374 0.899525
0.918884 -9.18684 0.899675
0.919035 -9.17995 0.899675
0.919185 -9.17307 0.899825
0.919335 -9.16619 0.899825
0.919485 -9.15932 0.899975
0.919635 -9.15245 0.899975
0.919785 -9.14559 0.900125
0.919935 -9.13874 0.900125
0.920085 -9.13189 0.900275
0.920235 -9.12506 0.900425
0.920385 -9.11822 0.900425
0.920535  -9.1114 0.900575
0.920685 -9.10458 0.900575
0.920835 -9.09777 0.900725
0.920985 -9.09096 0.900725
0.921136 -9.08416 0.900875
0.921286 -9.07736 0.900875
0.921436 -9.07058 0.901026
0.921586  -9.0638 0.901026
0.921736 -9.05702 0.901176
0.921886 -9.05026 0.901176
0.922036 -9.04349 0.901326
0.922186 -9.03674 0.901326
0.922336 -9.02999 0.901476
0.922486 -9.02325 0.901476
0.922636 -9.01651 0.901626
0.922786 -9.00979 0.901626
0.922936 -9.00306 0.901776
0.923087 -8.99635 0.901926
0.923237 -8.98963 0.901926
0.923387 -8.98293 0.902076
0.923537 -8.97623 0.902076
0.923687 -8.96954 0.902226
0.923837 -8.96286 0.902226
0.923987 -8.95618 0.902376
0.924137 -8.94951 0.902376
0.924287 -8.94284 0.902526
0.924437 -8.93618 0.902526
0.924587 -8.92953 0.902676
0.924737 -8.92288 0.902676
0.924887 -8.91624 0.902826
0.925038 -8.90961 0.902826
0.925188 -8.90298 0.902976
0.925338 -8.89636 0.902976
0.925488 -8.88974 0.903127
0.925638 -8.88314 0.903127
0.925788 -8.87653 0.903277
0.925938 -8.86994 0.903427
0.926088 -8.86335 0.903427
0.926238 -8.85676 0.903577
0.926388 -8.85018 0.903577
0.926538 -8.84361 0.903727
0.926688 -8.83705 0.903727
0.926838 -8.83049 0.903877
0.926988 -8.82394 0.903877
0.927139 -8.81739 0.904027
0.927289 -8.81085 0.904027
0.927439 -8.80431 0.904177
0.927589 -8.79779 0.904177
0.927739 -8.79126 0.904327
0.927889 -8.78475 0.904327
0.928039 -8.77824 0.904477
0.928189 -8.77174 0.904477
0.928339 -8.76524 0.904627
0.928489 -8.75875 0.904627
0.928639 -8.75226 0.904777
0.928789 -8.74578 0.904927
0.928939 -8.73931 0.904927
 0.92909 -8.73284 0.905078
 0.92924 -8.72638 0.905078
 0.92939 -8.71993 0.905228
 0.92954 -8.71348 0.905228
 0.92969 -8.70704 0.905378
 0.92984  -8.7006 0.905378
 0.92999 -8.69417 0.905528
 0.93014 -8.68775 0.905528
 0.93029 -8.68133 0.905678
 0.93044 -8.67492 0.905678
 0.93059 -8.66851 0.905828
 0.93074 -8.66211 0.905828
 0.93089 -8.65571 0.905978
0.931041 -8.64933 0.905978
0.931191 -8.64294 0.906128
0.931341 -8.63657 0.906128
0.931491  -8.6302 0.906278
0.931641 -8.62384 0.906428
0.931791 -8.61748 0.906428
0.931941 -8.61113 0.906578
0.932091 -8.60478 0.906578
0.932241 -8.59844 0.906728
0.932391  -8.5921 0.906728
0.932541 -8.58578 0.906878
0.932691 -8.57945 0.906878
0.932841 -8.57314 0.907029
0.932991 -8.56683 0.907029
0.933142 -8.56052 0.907179
0.933292 -8.55422 0.907179
0.933442 -8.54793 0.907329
0.933592 -8.54164 0.907329
0.933742 -8.53536 0.907479
0.933892 -8.52909 0.907479
0.934042 -8.52282 0.907629
0.934192 -8.51656 0.907629
0.934342  -8.5103 0.907779
0.934492 -8.50405 0.907929
0.934642  -8.4978 0.907929
0.934792 -8.49156 0.908079
0.934942 -8.48532 0.908079
0.935093  -8.4791 0.908229
0.935243 -8.47287 0.908229
0.935393 -8.46666 0.908379
0.935543 -8.46045 0.908379
0.935693 -8.45424 0.908529
0.935843 -8.44804 0.908529
0.935993 -8.44185 0.908679
0.936143 -8.43566 0.908679
0.936293 -8.42948 0.908829
0.936443  -8.4233 0.908829
0.936593 -8.41713 0.908979
0.936743 -8.41097 0.908979
0.936893 -8.40481  0.90913
0.937044 -8.39866  0.90913
0.937194 -8.39251  0.90928
0.937344 -8.38637  0.90928
0.937494 -8.38023  0.90943
0.937644  -8.3741  0.90958
0.937794 -8.36798  0.90958
0.937944 -8.36186  0.90973
0.938094 -8.35574  0.90973
0.938244 -8.34964  0.90988
0.938394 -8.34353  0.90988
0.938544 -8.33744  0.91003
0.938694 -8.33135  0.91003
0.938844 -8.32526  0.91018
0.938994 -8.31918  0.91018
0.939145 -8.31311  0.91033
0.939295 -8.30704  0.91033
0.939445 -8.30098  0.91048
0.939595 -8.29493  0.91048
0.939745 -8.28887  0.91063
0.939895 -8.28283  0.91063
0.940045 -8.27679  0.91078
0.940195 -8.27076  0.91078
0.940345 -8.26473  0.91093
0.940495 -8.25871 0.911081
0.940645 -8.25269 0.911081
0.940795 -8.24668 0.911231
0.940945 -8.24067 0.911231
0.941096 -8.23467 0.911381
0.941246 -8.22867 0.911381
0.941396 -8.22268 0.911531
0.941546  -8.2167 0.911531
0.941696 -8.21072 0.911681
0.941846 -8.20475 0.911681
0.941996 -8.19878 0.911831
0.942146 -8.19282 0.911831
0.942296 -8.18686 0.911981
0.942446 -8.18091 0.911981
0.942596 -8.17497 0.912131
0.942746 -8.16903 0.912131
0.942896 -8.16309 0.912281
0.943047 -8.15717 0.912281
0.943197 -8.15124 0.912431
0.943347 -8.14533 0.912581
0.943497 -8.13941 0.912581
0.943647 -8.13351 0.912731
0.943797 -8.12761 0.912731
0.943947 -8.12171 0.912881
0.944097 -8.11582 0.912881
0.944247 -8.10994 0.913032
0.944397 -8.10405 0.913032
0.944547 -8.09818 0.913182
0.944697 -8.09231 0.913182
0.944847 -8.08645 0.913332
0.944997 -8.08059 0.913332
0.945148 -8.07474 0.913482
0.945298 -8.06889 0.913482
0.945448 -8.06305 0.913632
0.945598 -8.05721 0.913632
0.945748 -8.05138 0.913782
0.945898 -8.04556 0.913782
0.946048 -8.03974 0.913932
0.946198 -8.03392 0.913932
0.946348 -8.02811 0.914082
0.946498 -8.02231 0.914232
0.946648 -8.01651 0.914232
0.946798 -8.01072 0.914382
0.946948 -8.00493 0.914382
0.947099 -7.99915 0.914532
0.947249 -7.99337 0.914532
0.947399  -7.9876 0.914682
0.947549 -7.98183 0.914682
0.947699 -7.97607 0.914832
0.947849 -7.97031 0.914832
0.947999 -7.96456 0.914982
0.948149 -7.95882 0.914982
0.948299 -7.95308 0.915133
0.948449 -7.94734 0.915133
0.948599 -7.94161 0.915283
0.948749 -7.93589 0.915283
0.948899 -7.93017 0.915433
 0.94905 -7.92446 0.915433
  0.9492 -7.91874 0.915583
 0.94935 -7.91304 0.915733
  0.9495 -7.90734 0.915733
 0.94965 -7.90165 0.915883
  0.9498 -7.89596 0.915883
 0.94995 -7.89028 0.916033
  0.9501  -7.8846 0.916033
 0.95025 -7.87893 0.916183
  0.9504 -7.87326 0.916183
 0.95055  -7.8676 0.916333
  0.9507 -7.86194 0.916333
 0.95085 -7.85629 0.916483
0.951001 -7.85065 0.916483
0.951151 -7.84501 0.916633
0.951301 -7.83937 0.916633
0.951451 -7.83374 0.916783
0.951601 -7.82811 0.916783
0.951751 -7.82249 0.916933
0.951901 -7.81688 0.916933
0.952051 -7.81127 0.917084
0.952201 -7.80566 0.917084
0.952351 -7.80006 0.917234
0.952501 -7.79447 0.917384
0.952651 -7.78888 0.917384
0.952801 -7.78329 0.917534
0.952951 -7.77771 0.917534
0.953102 -7.77214 0.917684
0.953252 -7.76657 0.917684
0.953402 -7.76101 0.917834
0.953552 -7.75545 0.917834
0.953702 -7.74989 0.917984
0.953852 -7.74434 0.917984
0.954002  -7.7388 0.918134
0.954152 -7.73326 0.918134
0.954302 -7.72773 0.918284
0.954452  -7.7222 0.918284
0.954602 -7.71667 0.918434
0.954752 -7.71116 0.918434
0.954902 -7.70564 0.918584
0.955053 -7.70013 0.918584
0.955203 -7.69463 0.918734
0.955353 -7.68913 0.918884
0.955503 -7.68364 0.918884
0.955653 -7.67815 0.919035
0.955803 -7.67266 0.919035
0.955953 -7.66719 0.919185
0.956103 -7.66171 0.919185
0.956253 -7.65624 0.919335
0.956403 -7.65078 0.919335
0.956553 -7.64532 0.919485
0.956703 -7.63987 0.919485
0.956853 -7.63442 0.919635
0.957004 -7.62897 0.919635
0.957154 -7.62353 0.919785
0.957304  -7.6181 0.919785
0.957454 -7.61267 0.919935
0.957604 -7.60725 0.919935
0.957754 -7.60183 0.920085
0.957904 -7.59641 0.920085
0.958054   -7.591 0.920235
0.958204  -7.5856 0.920235
0.958354  -7.5802 0.920385
0.958504 -7.57481 0.920535
0.958654 -7.56941 0.920535
0.958804 -7.56403 0.920685
0.958954 -7.55865 0.920685
0.959105 -7.55327 0.920835
0.959255  -7.5479 0.920835
0.959405 -7.54254 0.920985
0.959555 -7.53718 0.920985
0.959705 -7.53182 0.921136
0.959855 -7.52647 0.921136
0.960005 -7.52112 0.921286
0.960155 -7.51578 0.921286
0.960305 -7.51045 0.921436
0.960455 -7.50512 0.921436
0.960605 -7.49979 0.921586
0.960755 -7.49447 0.921586
0.960905 -7.48915 0.921736
0.961056 -7.48384 0.921736
0.961206 -7.47853 0.921886
0.961356 -7.47323 0.922036
0.961506 -7.46793 0.922036
0.961656 -7.46264 0.922186
0.961806 -7.45735 0.922186
0.961956 -7.45206 0.922336
0.962106 -7.44678 0.922336
0.962256 -7.44151 0.922486
0.962406 -7.43624 0.922486
0.962556 -7.43098 0.922636
0.962706 -7.42572 0.922636
0.962856 -7.42046 0.922786
0.963007 -7.41521 0.922786
0.963157 -7.40997 0.922936
0.963307 -7.40472 0.922936
0.963457 -7.39949 0.923087
0.963607 -7.39426 0.923087
0.963757 -7.38903 0.923237
0.963907 -7.38381 0.923237
0.964057 -7.37859 0.923387
0.964207 -7.37338 0.923387
0.964357 -7.36817 0.923537
0.964507 -7.36297 0.923687
0.964657 -7.35777 0.923687
0.964807 -7.35257 0.923837
0.964957 -7.34738 0.923837
0.965108  -7.3422 0.923987
0.965258 -7.33702 0.923987
0.965408 -7.33184 0.924137
0.965558 -7.32667 0.924137
0.965708 -7.32151 0.924287
0.965858 -7.31635 0.924287
0.966008 -7.31119 0.924437
0.966158 -7.30604 0.924437
0.966308 -7.30089 0.924587
0.966458 -7.29575 0.924587
0.966608 -7.29061 0.924737
0.966758 -7.28548 0.924737
0.966908 -7.28035 0.924887
0.967059 -7.27522 0.924887
0.967209  -7.2701 0.925038
0.967359 -7.26499 0.925188
0.967509 -7.25988 0.925188
0.967659 -7.25477 0.925338
0.967809 -7.24967 0.925338
0.967959 -7.24457 0.925488
0.968109 -7.23948 0.925488
0.968259 -7.23439 0.925638
0.968409 -7.22931 0.925638
0.968559 -7.22423 0.925788
0.968709 -7.21915 0.925788
0.968859 -7.21408 0.925938
 0.96901 -7.20902 0.925938
 0.96916 -7.20396 0.926088
 0.96931  -7.1989 0.926088
 0.96946 -7.19385 0.926238
 0.96961  -7.1888 0.926238
 0.96976 -7.18376 0.926388
 0.96991 -7.17872 0.926388
 0.97006 -7.17369 0.926538
 0.97021 -7.16866 0.926538
 0.97036 -7.16364 0.926688
 0.97051 -7.15862 0.926838
 0.97066  -7.1536 0.926838
 0.97081 -7.14859 0.926988
 0.97096 -7.14358 0.926988
0.971111 -7.13858 0.927139
0.971261 -7.13358 0.927139
0.971411 -7.12859 0.927289
0.971561  -7.1236 0.927289
0.971711 -7.11862 0.927439
0.971861 -7.11364 0.927439
0.972011 -7.10866 0.927589
0.972161 -7.10369 0.927589
0.972311 -7.09872 0.927739
0.972461 -7.09376 0.927739
0.972611  -7.0888 0.927889
0.972761 -7.08385 0.927889
0.972911  -7.0789 0.928039
0.973062 -7.07396 0.928039
0.973212 -7.06902 0.928189
0.973362 -7.06408 0.928189
0.973512 -7.05915 0.928339
0.973662 -7.05422 0.928489
0.973812  -7.0493 0.928489
0.973962 -7.04438 0.928639
0.974112 -7.03947 0.928639
0.974262 -7.03456 0.928789
0.974412 -7.02965 0.928789
0.974562 -7.02475 0.928939
0.974712 -7.01986 0.928939
0.974862 -7.01496  0.92909
0.975013 -7.01008  0.92909
0.975163 -7.00519  0.92924
0.975313 -7.00031  0.92924
0.975463 -6.99544  0.92939
0.975613 -6.99057  0.92939
0.975763  -6.9857  0.92954
0.975913 -6.98084  0.92954
0.976063 -6.97598  0.92969
0.976213 -6.97113  0.92969
0.976363 -6.96628  0.92984
0.976513 -6.96144  0.92999
0.976663 -6.95659  0.92999
0.976813 -6.95176  0.93014
0.976963 -6.94693  0.93014
0.977114  -6.9421  0.93029
0.977264 -6.93728  0.93029
0.977414 -6.93246  0.93044
0.977564 -6.92764  0.93044
0.977714 -6.92283  0.93059
0.977864 -6.91803  0.93059
0.978014 -6.91322  0.93074
0.978164 -6.90843  0.93074
0.978314 -6.90363  0.93089
0.978464 -6.89884  0.93089
0.978614 -6.89406 0.931041
0.978764 -6.88928 0.931041
0.978914  -6.8845 0.931191
0.979065 -6.87973 0.931191
0.979215 -6.87496 0.931341
0.979365  -6.8702 0.931341
0.979515 -6.86544 0.931491
0.979665 -6.86068 0.931641
0.979815 -6.85593 0.931641
0.979965 -6.85118 0.931791
0.980115 -6.84644 0.931791
0.980265  -6.8417 0.931941
0.980415 -6.83697 0.931941
0.980565 -6.83224 0.932091
0.980715 -6.82751 0.932091
0.980865 -6.82279 0.932241
0.981016 -6.81807 0.932241
0.981166 -6.81336 0.932391
0.981316 -6.80865 0.932391
0.981466 -6.80394 0.932541
0.981616 -6.79924 0.932541
0.981766 -6.79454 0.932691
0.981916 -6.78985 0.932691
0.982066 -6.78516 0.932841
0.982216 -6.78048 0.932841
0.982366  -6.7758 0.932991
0.982516 -6.77112 0.932991
0.982666 -6.76645 0.933142
0.982816 -6.76178 0.933292
0.982966 -6.75711 0.933292
0.983117 -6.75246 0.933442
0.983267  -6.7478 0.933442
0.983417 -6.74315 0.933592
0.983567  -6.7385 0.933592
0.983717 -6.73386 0.933742
0.983867 -6.72922 0.933742
0.984017 -6.72458 0.933892
0.984167 -6.71995 0.933892
0.984317 -6.71532 0.934042
0.984467  -6.7107 0.934042
0.984617 -6.70608 0.934192
0.984767 -6.70146 0.934192
0.984917 -6.69685 0.934342
0.985068 -6.69224 0.934342
0.985218 -6.68764 0.934492
0.985368 -6.68304 0.934492
0.985518 -6.67845 0.934642
0.985668 -6.67386 0.934642
0.985818 -6.66927 0.934792
0.985968 -6.66469 0.934942
0.986118  -6.6601 0.934942
0.986268 -6.65553 0.935093
0.986418 -6.65096 0.935093
0.986568 -6.64639 0.935243
0.986718 -6.64183 0.935243
0.986868 -6.63727 0.935393
0.987019 -6.63271 0.935393
0.987169 -6.62816 0.935543
0.987319 -6.62362 0.935543
0.987469 -6.61907 0.935693
0.987619 -6.61453 0.935693
0.987769    -6.61 0.935843
0.987919 -6.60547 0.935843
0.988069 -6.60094 0.935993
0.988219 -6.59642 0.935993
0.988369  -6.5919 0.936143
0.988519 -6.58738 0.936143
0.988669 -6.58287 0.936293
0.988819 -6.57836 0.936293
0.988969 -6.57386 0.936443
 0.98912 -6.56936 0.936593
 0.98927 -6.56486 0.936593
 0.98942 -6.56037 0.936743
 0.98957 -6.55588 0.936743
 0.98972  -6.5514 0.936893
 0.98987 -6.54692 0.936893
 0.99002 -6.54244 0.937044
 0.99017 -6.53797 0.937044
 0.99032  -6.5335 0.937194
 0.99047 -6.52904 0.937194
 0.99062 -6.52458 0.937344
 0.99077 -6.52012 0.937344
 0.99092 -6.51566 0.937494
0.991071 -6.51122 0.937494
0.991221 -6.50677 0.937644
0.991371 -6.50233 0.937644
0.991521 -6.49789 0.937794
0.991671 -6.49346 0.937794
0.991821 -6.48903 0.937944
0.991971  -6.4846 0.937944
0.992121 -6.48018 0.938094
0.992271 -6.47576 0.938244
0.992421 -6.47135 0.938244
0.992571 -6.46694 0.938394
0.992721 -6.46253 0.938394
0.992871 -6.45813 0.938544
0.993022 -6.45373 0.938544
0.993172 -6.44933 0.938694
0.993322 -6.44494 0.938694
0.993472 -6.44055 0.938844
0.993622 -6.43617 0.938844
0.993772 -6.43179 0.938994
0.993922 -6.42741 0.938994
0.994072 -6.42304 0.939145
0.994222 -6.41867 0.939145
0.994372 -6.41431 0.939295
0.994522 -6.40995 0.939295
0.994672 -6.40559 0.939445
0.994822 -6.40123 0.939445
0.994972 -6.39688 0.939595
0.995123 -6.39254 0.939595
0.995273 -6.38819 0.939745
0.995423 -6.38386 0.939895
0.995573 -6.37952 0.939895
0.995723 -6.37519 0.940045
0.995873 -6.37086 0.940045
0.996023 -6.36654 0.940195
0.996173 -6.36222 0.940195
0.996323  -6.3579 0.940345
0.996473 -6.35359 0.940345
0.996623 -6.34928 0.940495
0.996773 -6.34498 0.940495
0.996923 -6.34068 0.940645
0.997074 -6.33638 0.940645
0.997224 -6.33208 0.940795
0.997374 -6.32779 0.940795
0.997524 -6.32351 0.940945
0.997674 -6.31923 0.940945
0.997824 -6.31495 0.941096
0.997974 -6.31067 0.941096
0.998124  -6.3064 0.941246
0.998274 -6.30213 0.941246
0.998424 -6.29787 0.941396
0.998574 -6.29361 0.941546
0.998724 -6.28935 0.941546
0.998874  -6.2851 0.941696
0.999025 -6.28085 0.941696
0.999175  -6.2766 0.941846
0.999325 -6.27236 0.941846
0.999475 -6.26812 0.941996
0.999625 -6.26388 0.941996
0.999775 -6.25965 0.942146
0.999925 -6.25542 0.942146
 1.00008  -6.2512 0.942296
 1.00023 -6.24698 0.942296
 1.00038 -6.24276 0.942446
 1.00053 -6.23855 0.942446
 1.00068 -6.23434 0.942596
 1.00083 -6.23013 0.942596
 1.00098 -6.22593 0.942746
 1.00113 -6.22173 0.942746
 1.00128 -6.21754 0.942896
 1.00143 -6.21335 0.942896
 1.00158 -6.20916 0.943047
 1.00173 -6.20497 0.943197
 1.00188 -6.20079 0.943197
 1.00203 -6.19662 0.943347
 1.00218 -6.19244 0.943347
 1.00233 -6.18827 0.943497
 1.00248 -6.18411 0.943497
 1.00263 -6.17994 0.943647
 1.00278 -6.17578 0.943647
 1.00293 -6.17163 0.943797
 1.00308 -6.16748 0.943797
 1.00323 -6.16333 0.943947
 1.00338 -6.15918 0.943947
 1.00353 -6.15504 0.944097
 1.00368  -6.1509 0.944097
 1.00383 -6.14677 0.944247
 1.00398 -6.14264 0.944247
 1.00413 -6.13851 0.944397
 1.00428 -6.13439 0.944397
 1.00443 -6.13026 0.944547
 1.00458 -6.12615 0.944547
 1.00473 -6.12203 0.944697
 1.00488 -6.11793 0.944847
 1.00503 -6.11382 0.944847
 1.00518 -6.10972 0.944997
 1.00533 -6.10562 0.944997
 1.00548 -6.10152 0.945148
 1.00563 -6.09743 0.945148
 1.00578 -6.09334 0.945298
 1.00593 -6.08925 0.945298
 1.00608 -6.08517 0.945448
 1.00623 -6.08109 0.945448
 1.00638 -6.07702 0.945598
 1.00653 -6.07295 0.945598
 1.00668 -6.06888 0.945748
 1.00683 -6.06482 0.945748
 1.00698 -6.06075 0.945898
 1.00713  -6.0567 0.945898
 1.00728 -6.05264 0.946048
 1.00743 -6.04859 0.946048
 1.00758 -6.04455 0.946198
 1.00773  -6.0405 0.946198
 1.00788 -6.03646 0.946348
 1.00803 -6.03243 0.946498
 1.00818 -6.02839 0.946498
 1.00833 -6.02436 0.946648
 1.00848 -6.02034 0.946648
 1.00863 -6.01631 0.946798
 1.00878 -6.01229 0.946798
 1.00893 -6.00828 0.946948
 1.00908 -6.00426 0.946948
 1.00923 -6.00025 0.947099
 1.00938 -5.99625 0.947099
 1.00953 -5.99225 0.947249
 1.00968 -5.98825 0.947249
 1.00983 -5.98425 0.947399
 1.00998 -5.98026 0.947399
 1.01013 -5.97627 0.947549
 1.01028 -5.97228 0.947549
 1.01043  -5.9683 0.947699
 1.01058 -5.96432 0.947699
 1.01073 -5.96035 0.947849
 1.01088 -5.95638 0.947849
 1.01103 -5.95241 0.947999
 1.01118 -5.94844 0.948149
 1.01133 -5.94448 0.948149
 1.01148 -5.94052 0.948299
 1.01163 -5.93656 0.948299
 1.01178 -5.93261 0.948449
 1.01193 -5.92866 0.948449
 1.01208 -5.92472 0.948599
 1.01223 -5.92078 0.948599
 1.01238 -5.91684 0.948749
 1.01253  -5.9129 0.948749
 1.01268 -5.90897 0.948899
 1.01283 -5.90504 0.948899
 1.01298 -5.90112  0.94905
 1.01313  -5.8972  0.94905
 1.01328 -5.89328   0.9492
 1.01343 -5.88936   0.9492
 1.01358 -5.88545  0.94935
 1.01373 -5.88154  0.94935
 1.01388 -5.87764   0.9495
 1.01403 -5.87374   0.9495
 1.01418 -5.86984  0.94965
 1.01433 -5.86594   0.9498
 1.01448 -5.86205   0.9498
 1.01463 -5.85816  0.94995
 1.01478 -5.85427  0.94995
 1.01493 -5.85039   0.9501
 1.01508 -5.84651   0.9501
 1.01523 -5.84264  0.95025
 1.01538 -5.83876  0.95025
 1.01553 -5.83489   0.9504
 1.01568 -5.83103   0.9504
 1.01583 -5.82717  0.95055
 1.01598 -5.82331  0.95055
 1.01613 -5.81945   0.9507
 1.01628  -5.8156   0.9507
 1.01643 -5.81175  0.95085
 1.01658  -5.8079  0.95085
 1.01673 -5.80406 0.951001
 1.01688 -5.80022 0.951001
 1.01703 -5.79638 0.951151
 1.01718 -5.79255 0.951151
 1.01733 -5.78872 0.951301
 1.01748 -5.78489 0.951301
 1.01763 -5.78107 0.951451
 1.01778 -5.77725 0.951601
 1.01793 -5.77343 0.951601
 1.01808 -5.76961 0.951751
 1.01823  -5.7658 0.951751
 1.01838   -5.762 0.951901
 1.01853 -5.75819 0.951901
 1.01868 -5.75439 0.952051
 1.01883 -5.75059 0.952051
 1.01898  -5.7468 0.952201
 1.01913   -5.743 0.952201
 1.01928 -5.73922 0.952351
 1.01943 -5.73543 0.952351
 1.01958 -5.73165 0.952501
 1.01973 -5.72787 0.952501
 1.01988 -5.72409 0.952651
 1.02004 -5.72032 0.952651
 1.02019 -5.71655 0.952801
 1.02034 -5.71279 0.952801
 1.02049 -5.70902 0.952951
 1.02064 -5.70526 0.952951
 1.02079  -5.7015 0.953102
 1.02094 -5.69775 0.953252
 1.02109   -5.694 0.953252
 1.02124 -5.69025 0.953402
 1.02139 -5.68651 0.953402
 1.02154 -5.68277 0.953552
 1.02169 -5.67903 0.953552
 1.02184 -5.67529 0.953702
 1.02199 -5.67156 0.953702
 1.02214 -5.66783 0.953852
 1.02229 -5.66411 0.953852
 1.02244 -5.66038 0.954002
 1.02259 -5.65667 0.954002
 1.02274 -5.65295 0.954152
 1.02289 -5.64924 0.954152
 1.02304 -5.64553 0.954302
 1.02319 -5.64182 0.954302
 1.02334 -5.63811 0.954452
 1.02349 -5.63441 0.954452
 1.02364 -5.63072 0.954602
 1.02379 -5.62702 0.954602
 1.02394 -5.62333 0.954752
 1.02409 -5.61964 0.954902
 1.02424 -5.61596 0.954902
 1.02439 -5.61228 0.955053
 1.02454  -5.6086 0.955053
 1.02469 -5.60492 0.955203
 1.02484 -5.60125 0.955203
 1.02499 -5.59758 0.955353
 1.02514 -5.59391 0.955353
 1.02529 -5.59025 0.955503
 1.02544 -5.58658 0.955503
 1.02559 -5.58293 0.955653
 1.02574 -5.57927 0.955653
 1.02589 -5.57562 0.955803
 1.02604 -5.57197 0.955803
 1.02619 -5.56833 0.955953
 1.02634 -5.56468 0.955953
 1.02649 -5.56104 0.956103
 1.02664 -5.55741 0.956103
 1.02679 -5.55377 0.956253
 1.02694 -5.55014 0.956253
 1.02709 -5.54652 0.956403
 1.02724 -5.54289 0.956553
 1.02739 -5.53927 0.956553
 1.02754 -5.53565 0.956703
 1.02769 -5.53204 0.956703
 1.02784 -5.52843 0.956853
 1.02799 -5.52482 0.956853
 1.02814 -5.52121 0.957004
 1.02829 -5.51761 0.957004
 1.02844 -5.51401 0.957154
 1.02859 -5.51041 0.957154
 1.02874 -5.50681 0.957304
 1.02889 -5.50322 0.957304
 1.02904 -5.49963 0.957454
 1.02919 -5.49605 0.957454
 1.02934 -5.49247 0.957604
 1.02949 -5.48889 0.957604
 1.02964 -5.48531 0.957754
 1.02979 -5.48174 0.957754
 1.02994 -5.47817 0.957904
 1.03009  -5.4746 0.957904
 1.03024 -5.47103 0.958054
 1.03039 -5.46747 0.958054
 1.03054 -5.46391 0.958204
 1.03069 -5.46036 0.958354
 1.03084  -5.4568 0.958354
 1.03099 -5.45325 0.958504
 1.03114 -5.44971 0.958504
 1.03129 -5.44616 0.958654
 1.03144 -5.44262 0.958654
 1.03159 -5.43908 0.958804
 1.03174 -5.43555 0.958804
 1.03189 -5.43202 0.958954
 1.03204 -5.42849 0.958954
 1.03219 -5.42496 0.959105
 1.03234 -5.42144 0.959105
 1.03249 -5.41792 0.959255
 1.03264  -5.4144 0.959255
 1.03279 -5.41088 0.959405
 1.03294 -5.40737 0.959405
 1.03309 -5.40386 0.959555
 1.03324 -5.40036 0.959555
 1.03339 -5.39685 0.959705
 1.03354 -5.39335 0.959705
 1.03369 -5.38986 0.959855
 1.03384 -5.38636 0.960005
 1.03399 -5.38287 0.960005
 1.03414 -5.37938 0.960155
 1.03429 -5.37589 0.960155
 1.03444 -5.37241 0.960305
 1.03459 -5.36893 0.960305
 1.03474 -5.36545 0.960455
 1.03489 -5.36198 0.960455
 1.03504 -5.35851 0.960605
 1.03519 -5.35504 0.960605
 1.03534 -5.35157 0.960755
 1.03549 -5.34811 0.960755
 1.03564 -5.34465 0.960905
 1.03579 -5.34119 0.960905
 1.03594 -5.33774 0.961056
 1.03609 -5.33429 0.961056
 1.03624 -5.33084 0.961206
 1.03639 -5.32739 0.961206
 1.03654 -5.32395 0.961356
 1.03669 -5.32051 0.961356
 1.03684 -5.31707 0.961506
 1.03699 -5.31364 0.961506
 1.03714  -5.3102 0.961656
 1.03729 -5.30678 0.961806
 1.03744 -5.30335 0.961806
 1.03759 -5.29993 0.961956
 1.03774 -5.29651 0.961956
 1.03789 -5.29309 0.962106
 1.03804 -5.28967 0.962106
 1.03819 -5.28626 0.962256
 1.03834 -5.28285 0.962256
 1.03849 -5.27944 0.962406
 1.03864 -5.27604 0.962406
 1.03879 -5.27264 0.962556
 1.03894 -5.26924 0.962556
 1.03909 -5.26585 0.962706
 1.03924 -5.26245 0.962706
 1.03939 -5.25906 0.962856
 1.03954 -5.25568 0.962856
 1.03969 -5.25229 0.963007
 1.03984 -5.24891 0.963007
 1.03999 -5.24553 0.963157
 1.04015 -5.24216 0.963157
  1.0403 -5.23878 0.963307
 1.04045 -5.23541 0.963457
  1.0406 -5.23205 0.963457
 1.04075 -5.22868 0.963607
  1.0409 -5.22532 0.963607
 1.04105 -5.22196 0.963757
  1.0412  -5.2186 0.963757
 1.04135 -5.21525 0.963907
  1.0415  -5.2119 0.963907
 1.04165 -5.20855 0.964057
  1.0418  -5.2052 0.964057
 1.04195 -5.20186 0.964207
  1.0421 -5.19852 0.964207
 1.04225 -5.19518 0.964357
  1.0424 -5.19185 0.964357
 1.04255 -5.18852 0.964507
  1.0427 -5.18519 0.964507
 1.04285 -5.18186 0.964657
   1.043 -5.17854 0.964657
 1.04315 -5.17522 0.964807
  1.0433  -5.1719 0.964807
 1.04345 -5.16858 0.964957
  1.0436 -5.16527 0.964957
 1.04375 -5.16196 0.965108
  1.0439 -5.15865 0.965258
 1.04405 -5.15535 0.965258
  1.0442 -5.15204 0.965408
 1.04435 -5.14874 0.965408
  1.0445 -5.14545 0.965558
 1.04465 -5.14215 0.965558
  1.0448 -5.13886 0.965708
 1.04495 -5.13557 0.965708
  1.0451 -5.13229 0.965858
 1.04525   -5.129 0.965858
  1.0454 -5.12572 0.966008
 1.04555 -5.12244 0.966008
  1.0457 -5.11917 0.966158
 1.04585  -5.1159 0.966158
   1.046 -5.11263 0.966308
 1.04615 -5.10936 0.966308
  1.0463 -5.10609 0.966458
 1.04645 -5.10283 0.966458
  1.0466 -5.09957 0.966608
 1.04675 -5.09632 0.966608
  1.0469 -5.09306 0.966758
 1.04705 -5.08981 0.966758
  1.0472 -5.08656 0.966908
 1.04735 -5.08332 0.967059
  1.0475 -5.08007 0.967059
 1.04765 -5.07683 0.967209
  1.0478 -5.07359 0.967209
 1.04795 -5.07036 0.967359
  1.0481 -5.06712 0.967359
 1.04825 -5.06389 0.967509
  1.0484 -5.06067 0.967509
 1.04855 -5.05744 0.967659
  1.0487 -5.05422 0.967659
 1.04885   -5.051 0.967809
   1.049 -5.04778 0.967809
 1.04915 -5.04457 0.967959
  1.0493 -5.04135 0.967959
 1.04945 -5.03814 0.968109
  1.0496 -5.03494 0.968109
 1.04975 -5.03173 0.968259
  1.0499 -5.02853 0.968259
 1.05005 -5.02533 0.968409
  1.0502 -5.02214 0.968409
 1.05035 -5.01894 0.968559
  1.0505 -5.01575 0.968709
 1.05065 -5.01256 0.968709
  1.0508 -5.00938 0.968859
 1.05095 -5.00619 0.968859
  1.0511 -5.00301  0.96901
 1.05125 -4.99983  0.96901
  1.0514 -4.99666  0.96916
 1.05155 -4.99348  0.96916
  1.0517 -4.99031  0.96931
 1.05185 -4.98714  0.96931
   1.052 -4.98398  0.96946
 1.05215 -4.98081  0.96946
  1.0523 -4.97765  0.96961
 1.05245  -4.9745  0.96961
  1.0526 -4.97134  0.96976
 1.05275 -4.96819  0.96976
  1.0529 -4.96504  0.96991
 1.05305 -4.96189  0.96991
  1.0532 -4.95874  0.97006
 1.05335  -4.9556  0.97006
  1.0535 -4.95246  0.97021
 1.05365 -4.94932  0.97021
  1.0538 -4.94619  0.97036
 1.05395 -4.94306  0.97051
  1.0541 -4.93992  0.97051
 1.05425  -4.9368  0.97066
  1.0544 -4.93367  0.97066
 1.05455 -4.93055  0.97081
  1.0547 -4.92743  0.97081
 1.05485 -4.92431  0.97096
   1.055  -4.9212  0.97096
 1.05515 -4.91808 0.971111
  1.0553 -4.91497 0.971111
 1.05545 -4.91187 0.971261
  1.0556 -4.90876 0.971261
 1.05575 -4.90566 0.971411
  1.0559 -4.90256 0.971411
 1.05605 -4.89946 0.971561
  1.0562 -4.89637 0.971561
 1.05635 -4.89327 0.971711
  1.0565 -4.89019 0.971711
 1.05665  -4.8871 0.971861
  1.0568 -4.88401 0.971861
 1.05695 -4.88093 0.972011
  1.0571 -4.87785 0.972011
 1.05725 -4.87477 0.972161
  1.0574  -4.8717 0.972311
 1.05755 -4.86862 0.972311
  1.0577 -4.86555 0.972461
 1.05785 -4.86249 0.972461
   1.058 -4.85942 0.972611
 1.05815 -4.85636 0.972611
  1.0583  -4.8533 0.972761
 1.05845 -4.85024 0.972761
  1.0586 -4.84718 0.972911
 1.05875 -4.84413 0.972911
  1.0589 -4.84108 0.973062
 1.05905 -4.83803 0.973062
  1.0592 -4.83499 0.973212
 1.05935 -4.83194 0.973212
  1.0595  -4.8289 0.973362
 1.05965 -4.82586 0.973362
  1.0598 -4.82283 0.973512
 1.05995 -4.81979 0.973512
 1.06011 -4.81676 0.973662
 1.06026 -4.81373 0.973662
 1.06041 -4.81071 0.973812
 1.06056 -4.80768 0.973962
 1.06071 -4.80466 0.973962
 1.06086 -4.80164 0.974112
 1.06101 -4.79863 0.974112
 1.06116 -4.79561 0.974262
 1.06131  -4.7926 0.974262
 1.06146 -4.78959 0.974412
 1.06161 -4.78658 0.974412
 1.06176 -4.78358 0.974562
 1.06191 -4.78058 0.974562
 1.06206 -4.77758 0.974712
 1.06221 -4.77458 0.974712
 1.06236 -4.77159 0.974862
 1.06251 -4.76859 0.974862
 1.06266  -4.7656 0.975013
 1.06281 -4.76262 0.975013
 1.06296 -4.75963 0.975163
 1.06311 -4.75665 0.975163
 1.06326 -4.75367 0.975313
 1.06341 -4.75069 0.975313
 1.06356 -4.74771 0.975463
 1.06371 -4.74474 0.975463
 1.06386 -4.74177 0.975613
 1.06401  -4.7388 0.975763
 1.06416 -4.73583 0.975763
 1.06431 -4.73287 0.975913
 1.06446 -4.72991 0.975913
 1.06461 -4.72695 0.976063
 1.06476 -4.72399 0.976063
 1.06491 -4.72104 0.976213
 1.06506 -4.71808 0.976213
 1.06521 -4.71513 0.976363
 1.06536 -4.71219 0.976363
 1.06551 -4.70924 0.976513
 1.06566  -4.7063 0.976513
 1.06581 -4.70336 0.976663
 1.06596 -4.70042 0.976663
 1.06611 -4.69748 0.976813
 1.06626 -4.69455 0.976813
 1.06641 -4.69162 0.976963
 1.06656 -4.68869 0.976963
 1.06671 -4.68576 0.977114
 1.06686 -4.68284 0.977114
 1.06701 -4.67992 0.977264
 1.06716   -4.677 0.977264
 1.06731 -4.67408 0.977414
 1.06746 -4.67117 0.977564
 1.06761 -4.66825 0.977564
 1.06776 -4.66534 0.977714
 1.06791 -4.66243 0.977714
 1.06806 -4.65953 0.977864
 1.06821 -4.65662 0.977864
 1.06836 -4.65372 0.978014
 1.06851 -4.65082 0.978014
 1.06866 -4.64793 0.978164
 1.06881 -4.64503 0.978164
 1.06896 -4.64214 0.978314
 1.06911 -4.63925 0.978314
 1.06926 -4.63636 0.978464
 1.06941 -4.63348 0.978464
 1.06956  -4.6306 0.978614
 1.06971 -4.62772 0.978614
 1.06986 -4.62484 0.978764
 1.07001 -4.62196 0.978764
 1.07016 -4.61909 0.978914
 1.07031 -4.61622 0.978914
 1.07046 -4.61335 0.979065
 1.07061 -4.61048 0.979065
 1.07076 -4.60762 0.979215
 1.07091 -4.60475 0.979365
 1.07106 -4.60189 0.979365
 1.07121 -4.59904 0.979515
 1.07136 -4.59618 0.979515
 1.07151 -4.59333 0.979665
 1.07166 -4.59048 0.979665
 1.07181 -4.58763 0.979815
 1.07196 -4.58478 0.979815
 1.07211 -4.58194 0.979965
 1.07226 -4.57909 0.979965
 1.07241 -4.57626 0.980115
 1.07256 -4.57342 0.980115
 1.07271 -4.57058 0.980265
 1.07286 -4.56775 0.980265
 1.07301 -4.56492 0.980415
 1.07316 -4.56209 0.980415
 1.07331 -4.55926 0.980565
 1.07346 -4.55644 0.980565
 1.07361 -4.55362 0.980715
 1.07376  -4.5508 0.980715
 1.07391 -4.54798 0.980865
 1.07406 -4.54517 0.980865
 1.07421 -4.54235 0.981016
 1.07436 -4.53954 0.981166
 1.07451 -4.53673 0.981166
 1.07466 -4.53393 0.981316
 1.07481 -4.53112 0.981316
 1.07496 -4.52832 0.981466
 1.07511 -4.52552 0.981466
 1.07526 -4.52272 0.981616
 1.07541 -4.51993 0.981616
 1.07556 -4.51713 0.981766
 1.07571 -4.51434 0.981766
 1.07586 -4.51155 0.981916
 1.07601 -4.50877 0.981916
 1.07616 -4.50598 0.982066
 1.07631  -4.5032 0.982066
 1.07646 -4.50042 0.982216
 1.07661 -4.49764 0.982216
 1.07676 -4.49487 0.982366
 1.07691 -4.49209 0.982366
 1.07706 -4.48932 0.982516
 1.07721 -4.48655 0.982516
 1.07736 -4.48379 0.982666
 1.07751 -4.48102 0.982666
 1.07766 -4.47826 0.982816
 1.07781  -4.4755 0.982966
 1.07796 -4.47274 0.982966
 1.07811 -4.46998 0.983117
 1.07826 -4.46723 0.983117
 1.07841 -4.46448 0.983267
 1.07856 -4.46173 0.983267
 1.07871 -4.45898 0.983417
 1.07886 -4.45624 0.983417
 1.07901 -4.45349 0.983567
 1.07916 -4.45075 0.983567
 1.07931 -4.44801 0.983717
 1.07946 -4.44528 0.983717
 1.07961 -4.44254 0.983867
 1.07976 -4.43981 0.983867
 1.07991 -4.43708 0.984017
 1.08007 -4.43435 0.984017
 1.08022 -4.43162 0.984167
 1.08037  -4.4289 0.984167
 1.08052 -4.42618 0.984317
 1.08067 -4.42346 0.984317
 1.08082 -4.42074 0.984467
 1.08097 -4.41803 0.984467
 1.08112 -4.41531 0.984617
 1.08127  -4.4126 0.984767
 1.08142 -4.40989 0.984767
 1.08157 -4.40719 0.984917
 1.08172 -4.40448 0.984917
 1.08187 -4.40178 0.985068
 1.08202 -4.39908 0.985068
 1.08217 -4.39638 0.985218
 1.08232 -4.39368 0.985218
 1.08247 -4.39099 0.985368
 1.08262  -4.3883 0.985368
 1.08277 -4.38561 0.985518
 1.08292 -4.38292 0.985518
 1.08307 -4.38023 0.985668
 1.08322 -4.37755 0.985668
 1.08337 -4.37487 0.985818
 1.08352 -4.37219 0.985818
 1.08367 -4.36951 0.985968
 1.08382 -4.36683 0.985968
 1.08397 -4.36416 0.986118
 1.08412 -4.36149 0.986118
 1.08427 -4.35882 0.986268
 1.08442 -4.35615 0.986268
 1.08457 -4.35349 0.986418
 1.08472 -4.35083 0.986568
 1.08487 -4.34816 0.986568
 1.08502 -4.34551 0.986718
 1.08517 -4.34285 0.986718
 1.08532 -4.34019 0.986868
 1.08547 -4.33754 0.986868
 1.08562 -4.33489 0.987019
 1.08577 -4.33224 0.987019
 1.08592  -4.3296 0.987169
 1.08607 -4.32695 0.987169
 1.08622 -4.32431 0.987319
 1.08637 -4.32167 0.987319
 1.08652 -4.31903 0.987469
 1.08667 -4.31639 0.987469
 1.08682 -4.31376 0.987619
 1.08697 -4.31113 0.987619
 1.08712  -4.3085 0.987769
 1.08727 -4.30587 0.987769
 1.08742 -4.30324 0.987919
 1.08757 -4.30062 0.987919
 1.08772   -4.298 0.988069
 1.08787 -4.29538 0.988069
 1.08802 -4.29276 0.988219
 1.08817 -4.29015 0.988369
 1.08832 -4.28753 0.988369
 1.08847 -4.28492 0.988519
 1.08862 -4.28231 0.988519
 1.08877  -4.2797 0.988669
 1.08892  -4.2771 0.988669
 1.08907 -4.27449 0.988819
 1.08922 -4.27189 0.988819
 1.08937 -4.26929 0.988969
 1.08952 -4.26669 0.988969
 1.08967  -4.2641  0.98912
 1.08982 -4.26151  0.98912
 1.08997 -4.25891  0.98927
 1.09012 -4.25632  0.98927
 1.09027 -4.25374  0.98942
 1.09042 -4.25115  0.98942
 1.09057 -4.24857  0.98957
 1.09072 -4.24599  0.98957
 1.09087 -4.24341  0.98972
 1.09102 -4.24083  0.98972
 1.09117 -4.23825  0.98987
 1.09132 -4.23568  0.98987
 1.09147 -4.23311  0.99002
 1.09162 -4.23054  0.99017
 1.09177 -4.22797  0.99017
 1.09192 -4.22541  0.99032
 1.09207 -4.22284  0.99032
 1.09222 -4.22028  0.99047
 1.09237 -4.21772  0.99047
 1.09252 -4.21516  0.99062
 1.09267 -4.21261  0.99062
 1.09282 -4.21005  0.99077
 1.09297  -4.2075  0.99077
 1.09312 -4.20495  0.99092
 1.09327  -4.2024  0.99092
 1.09342 -4.19986 0.991071
 1.09357 -4.19731 0.991071
 1.09372 -4.19477 0.991221
 1.09387 -4.19223 0.991221
 1.09402 -4.18969 0.991371
 1.09417 -4.18716 0.991371
 1.09432 -4.18462 0.991521
 1.09447 -4.18209 0.991521
 1.09462 -4.17956 0.991671
 1.09477 -4.17703 0.991671
 1.09492 -4.17451 0.991821
 1.09507 -4.17198 0.991821
 1.09522 -4.16946 0.991971
 1.09537 -4.16694 0.992121
 1.09552 -4.16442 0.992121
 1.09567  -4.1619 0.992271
 1.09582 -4.15939 0.992271
 1.09597 -4.15688 0.992421
 1.09612 -4.15436 0.992421
 1.09627 -4.15186 0.992571
 1.09642 -4.14935 0.992571
 1.09657 -4.14684 0.992721
 1.09672 -4.14434 0.992721
 1.09687 -4.14184 0.992871
 1.09702 -4.13934 0.992871
 1.09717 -4.13684 0.993022
 1.09732 -4.13435 0.993022
 1.09747 -4.13185 0.993172
 1.09762 -4.12936 0.993172
 1.09777 -4.12687 0.993322
 1.09792 -4.12438 0.993322
 1.09807  -4.1219 0.993472
 1.09822 -4.11941 0.993472
 1.09837 -4.11693 0.993622
 1.09852 -4.11445 0.993622
 1.09867 -4.11197 0.993772
 1.09882  -4.1095 0.993922
 1.09897 -4.10702 0.993922
 1.09912 -4.10455 0.994072
 1.09927 -4.10208 0.994072
 1.09942 -4.09961 0.994222
 1.09957 -4.09714 0.994222
 1.09972 -4.09468 0.994372
 1.09987 -4.09221 0.994372
 1.10003 -4.08975 0.994522
 1.10018 -4.08729 0.994522
 1.10033 -4.08484 0.994672
 1.10048 -4.08238 0.994672
 1.10063 -4.07993 0.994822
 1.10078 -4.07748 0.994822
 1.10093 -4.07503 0.994972
 1.10108 -4.07258 0.994972
 1.10123 -4.07013 0.995123
 1.10138 -4.06769 0.995123
 1.10153 -4.06524 0.995273
 1.10168  -4.0628 0.995273
 1.10183 -4.06036 0.995423
 1.10198 -4.05793 0.995423
 1.10213 -4.05549 0.995573
 1.10228 -4.05306 0.995723
 1.10243 -4.05063 0.995723
 1.10258  -4.0482 0.995873
 1.10273 -4.04577 0.995873
 1.10288 -4.04335 0.996023
 1.10303 -4.04092 0.996023
 1.10318  -4.0385 0.996173
 1.10333 -4.03608 0.996173
 1.10348 -4.03366 0.996323
 1.10363 -4.03124 0.996323
 1.10378 -4.02883 0.996473
 1.10393 -4.02642 0.996473
 1.10408   -4.024 0.996623
 1.10423  -4.0216 0.996623
 1.10438 -4.01919 0.996773
 1.10453 -4.01678 0.996773
 1.10468 -4.01438 0.996923
 1.10483 -4.01198 0.996923
 1.10498 -4.00958 0.997074
 1.10513 -4.00718 0.997074
 1.10528 -4.00478 0.997224
 1.10543 -4.00239 0.997224
 1.10558 -3.99999 0.997374
 1.10573  -3.9976 0.997524
 1.10588 -3.99521 0.997524
 1.10603 -3.99283 0.997674
 1.10618 -3.99044 0.997674
 1.10633 -3.98806 0.997824
 1.10648 -3.98568 0.997824
 1.10663  -3.9833 0.997974
 1.10678 -3.98092 0.997974
 1.10693 -3.97854 0.998124
 1.10708 -3.97617 0.998124
 1.10723 -3.97379 0.998274
 1.10738 -3.97142 0.998274
 1.10753 -3.96905 0.998424
 1.10768 -3.96669 0.998424
 1.10783 -3.96432 0.998574
 1.10798 -3.96196 0.998574
 1.10813  -3.9596 0.998724
 1.10828 -3.95724 0.998724
 1.10843 -3.95488 0.998874
 1.10858 -3.95252 0.998874
 1.10873 -3.95016 0.999025
 1.10888 -3.94781 0.999025
 1.10903 -3.94546 0.999175
 1.10918 -3.94311 0.999175
 1.10933 -3.94076 0.999325
 1.10948 -3.93842 0.999475
 1.10963 -3.93607 0.999475
 1.10978 -3.93373 0.999625
 1.10993 -3.93139 0.999625
 1.11008 -3.92905 0.999775
 1.11023 -3.92671 0.999775
 1.11038 -3.92438 0.999925
 1.11053 -3.92204 0.999925
 1.11068 -3.91971  1.00008
 1.11083 -3.91738  1.00008
 1.11098 -3.91505  1.00023
 1.11113 -3.91273  1.00023
 1.11128  -3.9104  1.00038
 1.11143 -3.90808  1.00038
 1.11158 -3.90576  1.00053
 1.11173 -3.90344  1.00053
 1.11188 -3.90112  1.00068
 1.11203 -3.89881  1.00068
 1.11218 -3.89649  1.00083
 1.11233 -3.89418  1.00083
 1.11248 -3.89187  1.00098
 1.11263 -3.88956  1.00098
 1.11278 -3.88725  1.00113
 1.11293 -3.88495  1.00128
 1.11308 -3.88264  1.00128
 1.11323 -3.88034  1.00143
 1.11338 -3.87804  1.00143
 1.11353 -3.87574  1.00158
 1.11368 -3.87345  1.00158
 1.11383 -3.87115  1.00173
 1.11398 -3.86886  1.00173
 1.11413 -3.86657  1.00188
 1.11428 -3.86428  1.00188
 1.11443 -3.86199  1.00203
 1.11458  -3.8597  1.00203
 1.11473 -3.85742  1.00218
 1.11488 -3.85513  1.00218
 1.11503 -3.85285  1.00233
 1.11518 -3.85057  1.00233
 1.11533 -3.84829  1.00248
 1.11548 -3.84602  1.00248
 1.11563 -3.84374  1.00263
 1.11578 -3.84147  1.00263
 1.11593  -3.8392  1.00278
 1.11608 -3.83693  1.00278
 1.11623 -3.83466  1.00293
 1.11638  -3.8324  1.00293
 1.11653 -3.83013  1.00308
 1.11668 -3.82787  1.00323
 1.11683 -3.82561  1.00323
 1.11698 -3.82335  1.00338
 1.11713 -3.82109  1.00338
 1.11728 -3.81884  1.00353
 1.11743 -3.81658  1.00353
 1.11758 -3.81433  1.00368
 1.11773 -3.81208  1.00368
 1.11788 -3.80983  1.00383
 1.11803 -3.80758  1.00383
 1.11818 -3.80534  1.00398
 1.11833 -3.80309  1.00398
 1.11848 -3.80085  1.00413
 1.11863 -3.79861  1.00413
 1.11878 -3.79637  1.00428
 1.11893 -3.79414  1.00428
 1.11908  -3.7919  1.00443
 1.11923 -3.78967  1.00443
 1.11938 -3.78743  1.00458
 1.11953  -3.7852  1.00458
 1.11968 -3.78297  1.00473
 1.11983 -3.78075  1.00473
 1.11998 -3.77852  1.00488
 1.12014  -3.7763  1.00503
 1.12029 -3.77408  1.00503
 1.12044 -3.77186  1.00518
 1.12059 -3.76964  1.00518
 1.12074 -3.76742  1.00533
 1.12089  -3.7652  1.00533
 1.12104 -3.76299  1.00548
 1.12119 -3.76078  1.00548
 1.12134 -3.75857  1.00563
 1.12149 -3.75636  1.00563
 1.12164 -3.75415  1.00578
 1.12179 -3.75195  1.00578
 1.12194 -3.74974  1.00593
 1.12209 -3.74754  1.00593
 1.12224 -3.74534  1.00608
 1.12239 -3.74314  1.00608
 1.12254 -3.74094  1.00623
 1.12269 -3.73875  1.00623
 1.12284 -3.73655  1.00638
 1.12299 -3.73436  1.00638
 1.12314 -3.73217  1.00653
 1.12329 -3.72998  1.00653
 1.12344 -3.72779  1.00668
 1.12359 -3.72561  1.00668
 1.12374 -3.72342  1.00683
 1.12389 -3.72124  1.00698
 1.12404 -3.71906  1.00698
 1.12419 -3.71688  1.00713
 1.12434  -3.7147  1.00713
 1.12449 -3.71253  1.00728
 1.12464 -3.71035  1.00728
 1.12479 -3.70818  1.00743
 1.12494 -3.70601  1.00743
 1.12509 -3.70384  1.00758
 1.12524 -3.70167  1.00758
 1.12539  -3.6995  1.00773
 1.12554 -3.69734  1.00773
 1.12569 -3.69518  1.00788
 1.12584 -3.69301  1.00788
 1.12599 -3.69085  1.00803
 1.12614  -3.6887  1.00803
 1.12629 -3.68654  1.00818
 1.12644 -3.68438  1.00818
 1.12659 -3.68223  1.00833
 1.12674 -3.68008  1.00833
 1.12689 -3.67793  1.00848
 1.12704 -3.67578  1.00848
 1.12719 -3.67363  1.00863
 1.12734 -3.67149  1.00863
 1.12749 -3.66934  1.00878
 1.12764  -3.6672  1.00893
 1.12779 -3.66506  1.00893
 1.12794 -3.66292  1.00908
 1.12809 -3.66078  1.00908
 1.12824 -3.65865  1.00923
 1.12839 -3.65651  1.00923
 1.12854 -3.65438  1.00938
 1.12869 -3.65225  1.00938
 1.12884 -3.65012  1.00953
 1.12899 -3.64799  1.00953
 1.12914 -3.64586  1.00968
 1.12929 -3.64374  1.00968
 1.12944 -3.64161  1.00983
 1.12959 -3.63949  1.00983
 1.12974 -3.63737  1.00998
 1.12989 -3.63525  1.00998
 1.13004 -3.63314  1.01013
 1.13019 -3.63102  1.01013
 1.13034 -3.62891  1.01028
 1.13049  -3.6268  1.01028
 1.13064 -3.62468  1.01043
 1.13079 -3.62258  1.01043
 1.13094 -3.62047  1.01058
 1.13109 -3.61836  1.01073
 1.13124 -3.61626  1.01073
 1.13139 -3.61415  1.01088
 1.13154 -3.61205  1.01088
 1.13169 -3.60995  1.01103
 1.13184 -3.60785  1.01103
 1.13199 -3.60576  1.01118
 1.13214 -3.60366  1.01118
 1.13229 -3.60157  1.01133
 1.13244 -3.59948  1.01133
 1.13259 -3.59739  1.01148
 1.13274  -3.5953  1.01148
 1.13289 -3.59321  1.01163
 1.13304 -3.59112  1.01163
 1.13319 -3.58904  1.01178
 1.13334 -3.58696  1.01178
 1.13349 -3.58487  1.01193
 1.13364 -3.58279  1.01193
 1.13379 -3.58072  1.01208
 1.13394 -3.57864  1.01208
 1.13409 -3.57656  1.01223
 1.13424 -3.57449  1.01223
 1.13439 -3.57242  1.01238
 1.13454 -3.57035  1.01238
 1.13469 -3.56828  1.01253
 1.13484 -3.56621  1.01268
 1.13499 -3.56414  1.01268
 1.13514 -3.56208  1.01283
 1.13529 -3.56002  1.01283
 1.13544 -3.55796  1.01298
 1.13559  -3.5559  1.01298
 1.13574 -3.55384  1.01313
 1.13589 -3.55178  1.01313
 1.13604 -3.54972  1.01328
 1.13619 -3.54767  1.01328
 1.13634 -3.54562  1.01343
 1.13649 -3.54357  1.01343
 1.13664 -3.54152  1.01358
 1.13679 -3.53947  1.01358
 1.13694 -3.53742  1.01373
 1.13709 -3.53538  1.01373
 1.13724 -3.53334  1.01388
 1.13739 -3.53129  1.01388
 1.13754 -3.52925  1.01403
 1.13769 -3.52721  1.01403
 1.13784 -3.52518  1.01418
 1.13799 -3.52314  1.01418
 1.13814 -3.52111  1.01433
 1.13829 -3.51907  1.01433
 1.13844 -3.51704  1.01448
 1.13859 -3.51501  1.01463
 1.13874 -3.51298  1.01463
 1.13889 -3.51096  1.01478
 1.13904 -3.50893  1.01478
 1.13919 -3.50691  1.01493
 1.13934 -3.50489  1.01493
 1.13949 -3.50286  1.01508
 1.13964 -3.50084  1.01508
 1.13979 -3.49883  1.01523
 1.13994 -3.49681  1.01523
  1.1401  -3.4948  1.01538
 1.14025 -3.49278  1.01538
  1.1404 -3.49077  1.01553
 1.14055 -3.48876  1.01553
  1.1407 -3.48675  1.01568
 1.14085 -3.48474  1.01568
   1.141 -3.48274  1.01583
 1.14115 -3.48073  1.01583
  1.1413 -3.47873  1.01598
 1.14145 -3.47673  1.01598
  1.1416 -3.47473  1.01613
 1.14175 -3.47273  1.01613
  1.1419 -3.47073  1.01628
 1.14205 -3.46873  1.01628
  1.1422 -3.46674  1.01643
 1.14235 -3.46475  1.01658
  1.1425 -3.46275  1.01658
 1.14265 -3.46076  1.01673
  1.1428 -3.45878  1.01673
 1.14295 -3.45679  1.01688
  1.1431  -3.4548  1.01688
 1.14325 -3.45282  1.01703
  1.1434 -3.45083  1.01703
 1.14355 -3.44885  1.01718
  1.1437 -3.44687  1.01718
 1.14385  -3.4449  1.01733
   1.144 -3.44292  1.01733
 1.14415 -3.44094  1.01748
  1.1443 -3.43897  1.01748
 1.14445   -3.437  1.01763
  1.1446 -3.43502  1.01763
 1.14475 -3.43305  1.01778
  1.1449 -3.43109  1.01778
 1.14505 -3.42912  1.01793
  1.1452 -3.42715  1.01793
 1.14535 -3.42519  1.01808
  1.1455 -3.42323  1.01808
 1.14565 -3.42126  1.01823
  1.1458 -3.41931  1.01838
 1.14595 -3.41735  1.01838
  1.1461 -3.41539  1.01853
 1.14625 -3.41343  1.01853
  1.1464 -3.41148  1.01868
 1.14655 -3.40953  1.01868
  1.1467 -3.40758  1.01883
 1.14685 -3.40563  1.01883
   1.147 -3.40368  1.01898
 1.14715 -3.40173  1.01898
  1.1473 -3.39978  1.01913
 1.14745 -3.39784  1.01913
  1.1476  -3.3959  1.01928
 1.14775 -3.39396  1.01928
  1.1479 -3.39202  1.01943
 1.14805 -3.39008  1.01943
  1.1482 -3.38814  1.01958
 1.14835 -3.38621  1.01958
  1.1485 -3.38427  1.01973
 1.14865 -3.38234  1.01973
  1.1488 -3.38041  1.01988
 1.14895 -3.37848  1.01988
  1.1491 -3.37655  1.02004
 1.14925 -3.37462  1.02004
  1.1494 -3.37269  1.02019
 1.14955 -3.37077  1.02034
  1.1497 -3.36885  1.02034
 1.14985 -3.36693  1.02049
    1.15   -3.365  1.02049