 kgrid  ValNew  Policy 
     0.85  -9.25458      0.85
  0.85015  -9.23926      0.85
   0.8503  -9.22397      0.85
  0.85045  -9.20871      0.85
   0.8506  -9.19349      0.85
  0.85075  -9.17829      0.85
   0.8509  -9.16313      0.85
 0.851051    -9.148      0.85
 0.851201   -9.1329      0.85
 0.851351  -9.11783      0.85
 0.851501  -9.10279      0.85
 0.851651  -9.08779      0.85
 0.851801  -9.07281      0.85
 0.851951  -9.05787      0.85
 0.852101  -9.04296      0.85
 0.852251  -9.02807      0.85
 0.852401  -9.01322      0.85
 0.852551   -8.9984      0.85
 0.852701  -8.98361      0.85
 0.852851  -8.96885      0.85
 0.853002  -8.95412      0.85
 0.853152  -8.93943      0.85
 0.853302  -8.92476      0.85
 0.853452  -8.91012      0.85
 0.853602  -8.89551      0.85
 0.853752  -8.88094      0.85
 0.853902  -8.86639      0.85
 0.854052  -8.85187      0.85
 0.854202  -8.83738      0.85
 0.854352  -8.82293      0.85
 0.854502   -8.8085      0.85
 0.854652   -8.7941      0.85
 0.854802  -8.77973      0.85
 0.854952  -8.76539      0.85
 0.855103  -8.75108      0.85
 0.855253   -8.7368      0.85
 0.855403  -8.72255      0.85
 0.855553  -8.70833      0.85
 0.855703  -8.69414      0.85
 0.855853  -8.67998      0.85
 0.856003  -8.66584      0.85
 0.856153  -8.65174      0.85
 0.856303  -8.63766      0.85
 0.856453  -8.62361      0.85
 0.856603  -8.60959      0.85
 0.856753   -8.5956      0.85
 0.856903  -8.58164      0.85
 0.857054  -8.56771      0.85
 0.857204  -8.55381      0.85
 0.857354  -8.53993      0.85
 0.857504  -8.52608      0.85
 0.857654  -8.51226      0.85
 0.857804  -8.49847      0.85
 0.857954  -8.48471      0.85
 0.858104  -8.47097      0.85
 0.858254  -8.45726      0.85
 0.858404  -8.44358      0.85
 0.858554  -8.42993      0.85
 0.858704  -8.41631      0.85
 0.858854  -8.40271      0.85
 0.859005  -8.38914      0.85
 0.859155   -8.3756      0.85
 0.859305  -8.36209      0.85
 0.859455   -8.3486      0.85
 0.859605  -8.33515      0.85
 0.859755  -8.32171      0.85
 0.859905  -8.30831      0.85
 0.860055  -8.29493      0.85
 0.860205  -8.28158      0.85
 0.860355  -8.26826      0.85
 0.860505  -8.25497      0.85
 0.860655   -8.2417      0.85
 0.860805  -8.22845      0.85
 0.860955  -8.21524      0.85
 0.861106  -8.20205      0.85
 0.861256  -8.18889      0.85
 0.861406  -8.17575      0.85
 0.861556  -8.16264      0.85
 0.861706  -8.14956      0.85
 0.861856  -8.13651      0.85
 0.862006  -8.12348      0.85
 0.862156  -8.11047      0.85
 0.862306  -8.09749      0.85
 0.862456  -8.08454      0.85
 0.862606  -8.07162      0.85
 0.862756  -8.05872      0.85
 0.862906  -8.04585      0.85
 0.863057    -8.033      0.85
 0.863207  -8.02018      0.85
 0.863357  -8.00738      0.85
 0.863507  -7.99461      0.85
 0.863657  -7.98187      0.85
 0.863807  -7.96915      0.85
 0.863957  -7.95645      0.85
 0.864107  -7.94379      0.85
 0.864257  -7.93114      0.85
 0.864407  -7.91853      0.85
 0.864557  -7.90593      0.85
 0.864707  -7.89337      0.85
 0.864857  -7.88083      0.85
 0.865008  -7.86831      0.85
 0.865158  -7.85582      0.85
 0.865308  -7.84335      0.85
 0.865458  -7.83091      0.85
 0.865608  -7.81849      0.85
 0.865758   -7.8061      0.85
 0.865908  -7.79373      0.85
 0.866058  -7.78139      0.85
 0.866208  -7.76907      0.85
 0.866358  -7.75678      0.85
 0.866508  -7.74451      0.85
 0.866658  -7.73226      0.85
 0.866808  -7.72004      0.85
 0.866958  -7.70785      0.85
 0.867109  -7.69567      0.85
 0.867259  -7.68353      0.85
 0.867409   -7.6714      0.85
 0.867559   -7.6593      0.85
 0.867709  -7.64723      0.85
 0.867859  -7.63518      0.85
 0.868009  -7.62315      0.85
 0.868159  -7.61114      0.85
 0.868309  -7.59916      0.85
 0.868459  -7.58721      0.85
 0.868609  -7.57528      0.85
 0.868759  -7.56337      0.85
 0.868909  -7.55148      0.85
  0.86906  -7.53962      0.85
  0.86921  -7.52778      0.85
  0.86936  -7.51597      0.85
  0.86951  -7.50417      0.85
  0.86966  -7.49241      0.85
  0.86981  -7.48066      0.85
  0.86996  -7.46894      0.85
  0.87011  -7.45724      0.85
  0.87026  -7.44556      0.85
  0.87041  -7.43391      0.85
  0.87056  -7.42228      0.85
  0.87071  -7.41067      0.85
  0.87086  -7.39909      0.85
 0.871011  -7.38753      0.85
 0.871161  -7.37599      0.85
 0.871311  -7.36447      0.85
 0.871461  -7.35298      0.85
 0.871611  -7.34151      0.85
 0.871761  -7.33006      0.85
 0.871911  -7.31863      0.85
 0.872061  -7.30723      0.85
 0.872211  -7.29585      0.85
 0.872361  -7.28449      0.85
 0.872511  -7.27315      0.85
 0.872661  -7.26184      0.85
 0.872811  -7.25054      0.85
 0.872961  -7.23927      0.85
 0.873112  -7.22803      0.85
 0.873262   -7.2168      0.85
 0.873412   -7.2056      0.85
 0.873562  -7.19441      0.85
 0.873712  -7.18325      0.85
 0.873862  -7.17211      0.85
 0.874012    -7.161      0.85
 0.874162   -7.1499      0.85
 0.874312  -7.13883      0.85
 0.874462  -7.12778      0.85
 0.874612  -7.11675      0.85
 0.874762  -7.10574      0.85
 0.874912  -7.09475      0.85
 0.875063  -7.08378      0.85
 0.875213  -7.07284      0.85
 0.875363  -7.06191      0.85
 0.875513  -7.05101      0.85
 0.875663  -7.04013      0.85
 0.875813  -7.02927      0.85
 0.875963  -7.01843      0.85
 0.876113  -7.00761      0.85
 0.876263  -6.99681      0.85
 0.876413  -6.98604      0.85
 0.876563  -6.97528      0.85
 0.876713  -6.96455      0.85
 0.876863  -6.95384      0.85
 0.877014  -6.94314      0.85
 0.877164  -6.93247      0.85
 0.877314  -6.92182      0.85
 0.877464  -6.91119      0.85
 0.877614  -6.90058      0.85
 0.877764  -6.88999      0.85
 0.877914  -6.87942      0.85
 0.878064  -6.86887      0.85
 0.878214  -6.85834      0.85
 0.878364  -6.84783      0.85
 0.878514  -6.83734      0.85
 0.878664  -6.82687      0.85
 0.878814  -6.81643      0.85
 0.878964    -6.806      0.85
 0.879115  -6.79559      0.85
 0.879265   -6.7852      0.85
 0.879415  -6.77484      0.85
 0.879565  -6.76449      0.85
 0.879715  -6.75416      0.85
 0.879865  -6.74385      0.85
 0.880015  -6.73356      0.85
 0.880165   -6.7233      0.85
 0.880315  -6.71305      0.85
 0.880465  -6.70282      0.85
 0.880615  -6.69261      0.85
 0.880765  -6.68242      0.85
 0.880915  -6.67225      0.85
 0.881066   -6.6621      0.85
 0.881216  -6.65197      0.85
 0.881366  -6.64185      0.85
 0.881516  -6.63176      0.85
 0.881666  -6.62169      0.85
 0.881816  -6.61163      0.85
 0.881966   -6.6016      0.85
 0.882116  -6.59158      0.85
 0.882266  -6.58159      0.85
 0.882416  -6.57161      0.85
 0.882566  -6.56165      0.85
 0.882716  -6.55171      0.85
 0.882866  -6.54179      0.85
 0.883017  -6.53189      0.85
 0.883167    -6.522      0.85
 0.883317  -6.51214      0.85
 0.883467   -6.5023      0.85
 0.883617  -6.49247      0.85
 0.883767  -6.48266      0.85
 0.883917  -6.47287      0.85
 0.884067   -6.4631      0.85
 0.884217  -6.45335      0.85
 0.884367  -6.44362      0.85
 0.884517   -6.4339      0.85
 0.884667   -6.4242      0.85
 0.884817  -6.41452      0.85
 0.884967  -6.40486      0.85
 0.885118  -6.39522      0.85
 0.885268   -6.3856      0.85
 0.885418  -6.37599      0.85
 0.885568  -6.36641      0.85
 0.885718  -6.35684      0.85
 0.885868  -6.34729      0.85
 0.886018  -6.33776      0.85
 0.886168  -6.32824      0.85
 0.886318  -6.31874      0.85
 0.886468  -6.30927      0.85
 0.886618   -6.2998      0.85
 0.886768  -6.29036      0.85
 0.886918  -6.28094      0.85
 0.887069  -6.27153      0.85
 0.887219  -6.26214      0.85
 0.887369  -6.25277      0.85
 0.887519  -6.24341      0.85
 0.887669  -6.23408      0.85
 0.887819  -6.22476      0.85
 0.887969  -6.21545      0.85
 0.888119  -6.20617      0.85
 0.888269   -6.1969      0.85
 0.888419  -6.18765      0.85
 0.888569  -6.17842      0.85
 0.888719  -6.16921      0.85
 0.888869  -6.16001      0.85
  0.88902  -6.15083      0.85
  0.88917  -6.14167      0.85
  0.88932  -6.13252      0.85
  0.88947  -6.12339      0.85
  0.88962  -6.11428      0.85
  0.88977  -6.10519      0.85
  0.88992  -6.09611      0.85
  0.89007  -6.08705      0.85
  0.89022  -6.07801      0.85
  0.89037  -6.06898      0.85
  0.89052  -6.05997      0.85
  0.89067  -6.05098      0.85
  0.89082    -6.042      0.85
  0.89097  -6.03304      0.85
 0.891121   -6.0241      0.85
 0.891271  -6.01517      0.85
 0.891421  -6.00626      0.85
 0.891571  -5.99737      0.85
 0.891721   -5.9885      0.85
 0.891871  -5.97964      0.85
 0.892021  -5.97079      0.85
 0.892171  -5.96197      0.85
 0.892321  -5.95316      0.85
 0.892471  -5.94436      0.85
 0.892621  -5.93558      0.85
 0.892771  -5.92682      0.85
 0.892921  -5.91808      0.85
 0.893072  -5.90935      0.85
 0.893222  -5.90064      0.85
 0.893372  -5.89194      0.85
 0.893522  -5.88326      0.85
 0.893672   -5.8746      0.85
 0.893822  -5.86595      0.85
 0.893972  -5.85732      0.85
 0.894122   -5.8487      0.85
 0.894272   -5.8401      0.85
 0.894422  -5.83152      0.85
 0.894572  -5.82295      0.85
 0.894722   -5.8144      0.85
 0.894872  -5.80586      0.85
 0.895023  -5.79734      0.85
 0.895173  -5.78883      0.85
 0.895323  -5.78034      0.85
 0.895473  -5.77187      0.85
 0.895623  -5.76341      0.85
 0.895773  -5.75497      0.85
 0.895923  -5.74654      0.85
 0.896073  -5.73813      0.85
 0.896223  -5.72974      0.85
 0.896373  -5.72135      0.85
 0.896523  -5.71299      0.85
 0.896673  -5.70464      0.85
 0.896823  -5.69631      0.85
 0.896973  -5.68799      0.85
 0.897124  -5.67968      0.85
 0.897274  -5.67139      0.85
 0.897424  -5.66312      0.85
 0.897574  -5.65486      0.85
 0.897724  -5.64662      0.85
 0.897874  -5.63839      0.85
 0.898024  -5.63018      0.85
 0.898174  -5.62198      0.85
 0.898324   -5.6138      0.85
 0.898474  -5.60563      0.85
 0.898624  -5.59748      0.85
 0.898774  -5.58934      0.85
 0.898924  -5.58122      0.85
 0.899075  -5.57311      0.85
 0.899225  -5.56502      0.85
 0.899375  -5.55694      0.85
 0.899525  -5.54888      0.85
 0.899675  -5.54083      0.85
 0.899825  -5.53279      0.85
 0.899975  -5.52477      0.85
 0.900125  -5.51677      0.85
 0.900275  -5.50878      0.85
 0.900425   -5.5008      0.85
 0.900575  -5.49284      0.85
 0.900725  -5.48489      0.85
 0.900875  -5.47696      0.85
 0.901026  -5.46904      0.85
 0.901176  -5.46114      0.85
 0.901326  -5.45325      0.85
 0.901476  -5.44538      0.85
 0.901626  -5.43752      0.85
 0.901776  -5.42967      0.85
 0.901926  -5.42184      0.85
 0.902076  -5.41402      0.85
 0.902226  -5.40622      0.85
 0.902376  -5.39843      0.85
 0.902526  -5.39065      0.85
 0.902676  -5.38289      0.85
 0.902826  -5.37514      0.85
 0.902976  -5.36741      0.85
 0.903127  -5.35969      0.85
 0.903277  -5.35199      0.85
 0.903427   -5.3443      0.85
 0.903577  -5.33662      0.85
 0.903727  -5.32896      0.85
 0.903877  -5.32131      0.85
 0.904027  -5.31367      0.85
 0.904177  -5.30605      0.85
 0.904327  -5.29844      0.85
 0.904477  -5.29085      0.85
 0.904627  -5.28327      0.85
 0.904777   -5.2757      0.85
 0.904927  -5.26814      0.85
 0.905078   -5.2606      0.85
 0.905228  -5.25308      0.85
 0.905378  -5.24557      0.85
 0.905528  -5.23807      0.85
 0.905678  -5.23058      0.85
 0.905828  -5.22311      0.85
 0.905978  -5.21565      0.85
 0.906128   -5.2082      0.85
 0.906278  -5.20077      0.85
 0.906428  -5.19335      0.85
 0.906578  -5.18595      0.85
 0.906728  -5.17856      0.85
 0.906878  -5.17118      0.85
 0.907029  -5.16381      0.85
 0.907179  -5.15646      0.85
 0.907329  -5.14912      0.85
 0.907479   -5.1418      0.85
 0.907629  -5.13448      0.85
 0.907779  -5.12718      0.85
 0.907929   -5.1199      0.85
 0.908079  -5.11262      0.85
 0.908229  -5.10536      0.85
 0.908379  -5.09811      0.85
 0.908529  -5.09088      0.85
 0.908679  -5.08366      0.85
 0.908829  -5.07645      0.85
 0.908979  -5.06925      0.85
  0.90913  -5.06207      0.85
  0.90928   -5.0549      0.85
  0.90943  -5.04774      0.85
  0.90958   -5.0406      0.85
  0.90973  -5.03346      0.85
  0.90988  -5.02634      0.85
  0.91003  -5.01924      0.85
  0.91018  -5.01214      0.85
  0.91033  -5.00506      0.85
  0.91048  -4.99799      0.85
  0.91063  -4.99094      0.85
  0.91078  -4.98389      0.85
  0.91093  -4.97686      0.85
 0.911081  -4.96984      0.85
 0.911231  -4.96284      0.85
 0.911381  -4.95584      0.85
 0.911531  -4.94886      0.85
 0.911681  -4.94189      0.85
 0.911831  -4.93493      0.85
 0.911981  -4.92799      0.85
 0.912131  -4.92106      0.85
 0.912281  -4.91414      0.85
 0.912431  -4.90723      0.85
 0.912581  -4.90033      0.85
 0.912731  -4.89345      0.85
 0.912881  -4.88658      0.85
 0.913032  -4.87972      0.85
 0.913182  -4.87287      0.85
 0.913332  -4.86604      0.85
 0.913482  -4.85922      0.85
 0.913632  -4.85241      0.85
 0.913782  -4.84561      0.85
 0.913932  -4.83882      0.85
 0.914082  -4.83205      0.85
 0.914232  -4.82528      0.85
 0.914382  -4.81853      0.85
 0.914532  -4.81179      0.85
 0.914682  -4.80507      0.85
 0.914832  -4.79835      0.85
 0.914982  -4.79165      0.85
 0.915133  -4.78496      0.85
 0.915283  -4.77828      0.85
 0.915433  -4.77161      0.85
 0.915583  -4.76495      0.85
 0.915733  -4.75831      0.85
 0.915883  -4.75167      0.85
 0.916033  -4.74505      0.85
 0.916183  -4.73844      0.85
 0.916333  -4.73184      0.85
 0.916483  -4.72526      0.85
 0.916633  -4.71868      0.85
 0.916783  -4.71212      0.85
 0.916933  -4.70557      0.85
 0.917084  -4.69902      0.85
 0.917234   -4.6925      0.85
 0.917384  -4.68598      0.85
 0.917534  -4.67947      0.85
 0.917684  -4.67298      0.85
 0.917834  -4.66649      0.85
 0.917984  -4.66002      0.85
 0.918134  -4.65356      0.85
 0.918284  -4.64711      0.85
 0.918434  -4.64067      0.85
 0.918584  -4.63424      0.85
 0.918734  -4.62783      0.85
 0.918884  -4.62142      0.85
 0.919035  -4.61503      0.85
 0.919185  -4.60864      0.85
 0.919335  -4.60227      0.85
 0.919485  -4.59591      0.85
 0.919635  -4.58956      0.85
 0.919785  -4.58322      0.85
 0.919935   -4.5769      0.85
 0.920085  -4.57058      0.85
 0.920235  -4.56428      0.85
 0.920385  -4.55798      0.85
 0.920535   -4.5517      0.85
 0.920685  -4.54542      0.85
 0.920835  -4.53916      0.85
 0.920985  -4.53291      0.85
 0.921136  -4.52667      0.85
 0.921286  -4.52044      0.85
 0.921436  -4.51422      0.85
 0.921586  -4.50802      0.85
 0.921736  -4.50182      0.85
 0.921886  -4.49563      0.85
 0.922036  -4.48946      0.85
 0.922186  -4.48329      0.85
 0.922336  -4.47714      0.85
 0.922486  -4.47099      0.85
 0.922636  -4.46486      0.85
 0.922786  -4.45874      0.85
 0.922936  -4.45263      0.85
 0.923087  -4.44653      0.85
 0.923237  -4.44044      0.85
 0.923387  -4.43436      0.85
 0.923537  -4.42829      0.85
 0.923687  -4.42223      0.85
 0.923837  -4.41618      0.85
 0.923987  -4.41014      0.85
 0.924137  -4.40411      0.85
 0.924287  -4.39809      0.85
 0.924437  -4.39209      0.85
 0.924587  -4.38609      0.85
 0.924737   -4.3801      0.85
 0.924887  -4.37412      0.85
 0.925038  -4.36816      0.85
 0.925188   -4.3622      0.85
 0.925338  -4.35626      0.85
 0.925488  -4.35032      0.85
 0.925638   -4.3444      0.85
 0.925788  -4.33848      0.85
 0.925938  -4.33258      0.85
 0.926088  -4.32668      0.85
 0.926238   -4.3208      0.85
 0.926388  -4.31492      0.85
 0.926538  -4.30906      0.85
 0.926688   -4.3032      0.85
 0.926838  -4.29736      0.85
 0.926988  -4.29152      0.85
 0.927139   -4.2857      0.85
 0.927289  -4.27988      0.85
 0.927439  -4.27408      0.85
 0.927589  -4.26828      0.85
 0.927739   -4.2625      0.85
 0.927889  -4.25672      0.85
 0.928039  -4.25096      0.85
 0.928189   -4.2452      0.85
 0.928339  -4.23946      0.85
 0.928489  -4.23372      0.85
 0.928639  -4.22799      0.85
 0.928789  -4.22228      0.85
 0.928939  -4.21657      0.85
  0.92909  -4.21087      0.85
  0.92924  -4.20519      0.85
  0.92939  -4.19951      0.85
  0.92954  -4.19384      0.85
  0.92969  -4.18818      0.85
  0.92984  -4.18253      0.85
  0.92999  -4.17689      0.85
  0.93014  -4.17127      0.85
  0.93029  -4.16565      0.85
  0.93044  -4.16003      0.85
  0.93059  -4.15443      0.85
  0.93074  -4.14884      0.85
  0.93089  -4.14326      0.85
 0.931041  -4.13769      0.85
 0.931191  -4.13212      0.85
 0.931341  -4.12657      0.85
 0.931491  -4.12103      0.85
 0.931641  -4.11549      0.85
 0.931791  -4.10997      0.85
 0.931941  -4.10445      0.85
 0.932091  -4.09894      0.85
 0.932241  -4.09345      0.85
 0.932391  -4.08796      0.85
 0.932541  -4.08248      0.85
 0.932691  -4.07701      0.85
 0.932841  -4.07155      0.85
 0.932991   -4.0661      0.85
 0.933142  -4.06065      0.85
 0.933292  -4.05522      0.85
 0.933442   -4.0498      0.85
 0.933592  -4.04438      0.85
 0.933742  -4.03898      0.85
 0.933892  -4.03358      0.85
 0.934042  -4.02819      0.85
 0.934192  -4.02281      0.85
 0.934342  -4.01744      0.85
 0.934492  -4.01208      0.85
 0.934642  -4.00673      0.85
 0.934792  -4.00139      0.85
 0.934942  -3.99606      0.85
 0.935093  -3.99073      0.85
 0.935243  -3.98542      0.85
 0.935393  -3.98011      0.85
 0.935543  -3.97481      0.85
 0.935693  -3.96952      0.85
 0.935843  -3.96424      0.85
 0.935993  -3.95897      0.85
 0.936143  -3.95371      0.85
 0.936293  -3.94846      0.85
 0.936443  -3.94321      0.85
 0.936593  -3.93797      0.85
 0.936743  -3.93275      0.85
 0.936893  -3.92753      0.85
 0.937044  -3.92232      0.85
 0.937194  -3.91712      0.85
 0.937344  -3.91193      0.85
 0.937494  -3.90674      0.85
 0.937644  -3.90157      0.85
 0.937794   -3.8964      0.85
 0.937944  -3.89124      0.85
 0.938094  -3.88609      0.85
 0.938244  -3.88095      0.85
 0.938394  -3.87582      0.85
 0.938544   -3.8707      0.85
 0.938694  -3.86558      0.85
 0.938844  -3.86047      0.85
 0.938994  -3.85538      0.85
 0.939145  -3.85029      0.85
 0.939295  -3.84521      0.85
 0.939445  -3.84013      0.85
 0.939595  -3.83507      0.85
 0.939745  -3.83001      0.85
 0.939895  -3.82497      0.85
 0.940045  -3.81993      0.85
 0.940195   -3.8149      0.85
 0.940345  -3.80987      0.85
 0.940495  -3.80486      0.85
 0.940645  -3.79985      0.85
 0.940795  -3.79486      0.85
 0.940945  -3.78987      0.85
 0.941096  -3.78489      0.85
 0.941246  -3.77991      0.85
 0.941396  -3.77495      0.85
 0.941546  -3.76999      0.85
 0.941696  -3.76504      0.85
 0.941846   -3.7601      0.85
 0.941996  -3.75517      0.85
 0.942146  -3.75025      0.85
 0.942296  -3.74533      0.85
 0.942446  -3.74043      0.85
 0.942596  -3.73553      0.85
 0.942746  -3.73063      0.85
 0.942896  -3.72575      0.85
 0.943047  -3.72088      0.85
 0.943197  -3.71601      0.85
 0.943347  -3.71115      0.85
 0.943497   -3.7063      0.85
 0.943647  -3.70146      0.85
 0.943797  -3.69662      0.85
 0.943947  -3.69179      0.85
 0.944097  -3.68697      0.85
 0.944247  -3.68216      0.85
 0.944397  -3.67736      0.85
 0.944547  -3.67256      0.85
 0.944697  -3.66778      0.85
 0.944847    -3.663      0.85
 0.944997  -3.65822      0.85
 0.945148  -3.65346      0.85
 0.945298   -3.6487      0.85
 0.945448  -3.64395      0.85
 0.945598  -3.63921      0.85
 0.945748  -3.63448      0.85
 0.945898  -3.62976      0.85
 0.946048  -3.62504      0.85
 0.946198  -3.62033      0.85
 0.946348  -3.61563      0.85
 0.946498  -3.61093      0.85
 0.946648  -3.60624      0.85
 0.946798  -3.60157      0.85
 0.946948  -3.59689      0.85
 0.947099  -3.59223      0.85
 0.947249  -3.58757      0.85
 0.947399  -3.58293      0.85
 0.947549  -3.57828      0.85
 0.947699  -3.57365      0.85
 0.947849  -3.56902      0.85
 0.947999  -3.56441      0.85
 0.948149   -3.5598      0.85
 0.948299  -3.55519      0.85
 0.948449   -3.5506      0.85
 0.948599  -3.54601      0.85
 0.948749  -3.54143      0.85
 0.948899  -3.53685      0.85
  0.94905  -3.53229      0.85
   0.9492  -3.52773      0.85
  0.94935  -3.52318      0.85
   0.9495  -3.51863      0.85
  0.94965   -3.5141      0.85
   0.9498  -3.50957      0.85
  0.94995  -3.50505      0.85
   0.9501  -3.50053      0.85
  0.95025  -3.49602      0.85
   0.9504  -3.49152      0.85
  0.95055  -3.48703      0.85
   0.9507  -3.48255      0.85
  0.95085  -3.47807      0.85
 0.951001   -3.4736      0.85
 0.951151  -3.46913      0.85
 0.951301  -3.46468      0.85
 0.951451  -3.46023      0.85
 0.951601  -3.45579      0.85
 0.951751  -3.45135      0.85
 0.951901  -3.44693      0.85
 0.952051   -3.4425      0.85
 0.952201  -3.43809      0.85
 0.952351  -3.43369      0.85
 0.952501  -3.42929      0.85
 0.952651  -3.42489      0.85
 0.952801  -3.42051      0.85
 0.952951  -3.41613      0.85
 0.953102  -3.41176      0.85
 0.953252   -3.4074      0.85
 0.953402  -3.40304      0.85
 0.953552  -3.39869      0.85
 0.953702  -3.39435      0.85
 0.953852  -3.39001      0.85
 0.954002  -3.38568      0.85
 0.954152  -3.38136      0.85
 0.954302  -3.37705      0.85
 0.954452  -3.37274      0.85
 0.954602  -3.36844      0.85
 0.954752  -3.36414      0.85
 0.954902  -3.35986      0.85
 0.955053  -3.35558      0.85
 0.955203   -3.3513      0.85
 0.955353  -3.34704      0.85
 0.955503  -3.34278      0.85
 0.955653  -3.33852      0.85
 0.955803  -3.33428      0.85
 0.955953  -3.33004      0.85
 0.956103  -3.32581      0.85
 0.956253  -3.32158      0.85
 0.956403  -3.31736      0.85
 0.956553  -3.31315      0.85
 0.956703  -3.30894      0.85
 0.956853  -3.30474      0.85
 0.957004  -3.30055      0.85
 0.957154  -3.29637      0.85
 0.957304  -3.29219      0.85
 0.957454  -3.28802      0.85
 0.957604  -3.28385      0.85
 0.957754  -3.27969      0.85
 0.957904  -3.27554      0.85
 0.958054  -3.27139      0.85
 0.958204  -3.26726      0.85
 0.958354  -3.26312      0.85
 0.958504    -3.259      0.85
 0.958654  -3.25488      0.85
 0.958804  -3.25077      0.85
 0.958954  -3.24666      0.85
 0.959105  -3.24256      0.85
 0.959255  -3.23847      0.85
 0.959405  -3.23438      0.85
 0.959555   -3.2303      0.85
 0.959705  -3.22623      0.85
 0.959855  -3.22216      0.85
 0.960005   -3.2181      0.85
 0.960155  -3.21405      0.85
 0.960305     -3.21      0.85
 0.960455  -3.20596      0.85
 0.960605  -3.20192      0.85
 0.960755  -3.19789      0.85
 0.960905  -3.19387      0.85
 0.961056  -3.18985      0.85
 0.961206  -3.18585      0.85
 0.961356  -3.18184      0.85
 0.961506  -3.17785      0.85
 0.961656  -3.17385      0.85
 0.961806  -3.16987      0.85
 0.961956  -3.16589      0.85
 0.962106  -3.16192      0.85
 0.962256  -3.15796      0.85
 0.962406    -3.154      0.85
 0.962556  -3.15004      0.85
 0.962706   -3.1461      0.85
 0.962856  -3.14216      0.85
 0.963007  -3.13822      0.85
 0.963157  -3.13429      0.85
 0.963307  -3.13037      0.85
 0.963457  -3.12646      0.85
 0.963607  -3.12255      0.85
 0.963757  -3.11865      0.85
 0.963907  -3.11475      0.85
 0.964057  -3.11086      0.85
 0.964207  -3.10697      0.85
 0.964357  -3.10309      0.85
 0.964507  -3.09922      0.85
 0.964657  -3.09535      0.85
 0.964807  -3.09149      0.85
 0.964957  -3.08764      0.85
 0.965108  -3.08379      0.85
 0.965258  -3.07995      0.85
 0.965408  -3.07611      0.85
 0.965558  -3.07228      0.85
 0.965708  -3.06846      0.85
 0.965858  -3.06464      0.85
 0.966008  -3.06083      0.85
 0.966158  -3.05702      0.85
 0.966308  -3.05322      0.85
 0.966458  -3.04943      0.85
 0.966608  -3.04564      0.85
 0.966758  -3.04185      0.85
 0.966908  -3.03808      0.85
 0.967059  -3.03431      0.85
 0.967209  -3.03054      0.85
 0.967359  -3.02678      0.85
 0.967509  -3.02303      0.85
 0.967659  -3.01928      0.85
 0.967809  -3.01554      0.85
 0.967959  -3.01181      0.85
 0.968109  -3.00808      0.85
 0.968259  -3.00435      0.85
 0.968409  -3.00063      0.85
 0.968559  -2.99692      0.85
 0.968709  -2.99321      0.85
 0.968859  -2.98951      0.85
  0.96901  -2.98582      0.85
  0.96916  -2.98213      0.85
  0.96931  -2.97845      0.85
  0.96946  -2.97477      0.85
  0.96961   -2.9711      0.85
  0.96976  -2.96743      0.85
  0.96991  -2.96377      0.85
  0.97006  -2.96011      0.85
  0.97021  -2.95646      0.85
  0.97036  -2.95282      0.85
  0.97051  -2.94918      0.85
  0.97066  -2.94555      0.85
  0.97081  -2.94192      0.85
  0.97096   -2.9383      0.85
 0.971111  -2.93469      0.85
 0.971261  -2.93108      0.85
 0.971411  -2.92747      0.85
 0.971561  -2.92387      0.85
 0.971711  -2.92028      0.85
 0.971861  -2.91669      0.85
 0.972011  -2.91311      0.85
 0.972161  -2.90953      0.85
 0.972311  -2.90596      0.85
 0.972461   -2.9024      0.85
 0.972611  -2.89884      0.85
 0.972761  -2.89528      0.85
 0.972911  -2.89173      0.85
 0.973062  -2.88819      0.85
 0.973212  -2.88465      0.85
 0.973362  -2.88112      0.85
 0.973512  -2.87759      0.85
 0.973662  -2.87407      0.85
 0.973812  -2.87055      0.85
 0.973962  -2.86704      0.85
 0.974112  -2.86354      0.85
 0.974262  -2.86004      0.85
 0.974412  -2.85654      0.85
 0.974562  -2.85305      0.85
 0.974712  -2.84957      0.85
 0.974862  -2.84609      0.85
 0.975013  -2.84262      0.85
 0.975163  -2.83915      0.85
 0.975313  -2.83569      0.85
 0.975463  -2.83223      0.85
 0.975613  -2.82878      0.85
 0.975763  -2.82533      0.85
 0.975913  -2.82189      0.85
 0.976063  -2.81845      0.85
 0.976213  -2.81502      0.85
 0.976363   -2.8116      0.85
 0.976513  -2.80818      0.85
 0.976663  -2.80476      0.85
 0.976813  -2.80135      0.85
 0.976963  -2.79795      0.85
 0.977114  -2.79455      0.85
 0.977264  -2.79115      0.85
 0.977414  -2.78776      0.85
 0.977564  -2.78438      0.85
 0.977714    -2.781      0.85
 0.977864  -2.77763      0.85
 0.978014  -2.77426      0.85
 0.978164   -2.7709      0.85
 0.978314  -2.76754      0.85
 0.978464  -2.76419      0.85
 0.978614  -2.76084      0.85
 0.978764  -2.75749      0.85
 0.978914  -2.75416      0.85
 0.979065  -2.75082      0.85
 0.979215   -2.7475      0.85
 0.979365  -2.74417      0.85
 0.979515  -2.74086      0.85
 0.979665  -2.73754      0.85
 0.979815  -2.73424      0.85
 0.979965  -2.73094      0.85
 0.980115  -2.72764      0.85
 0.980265  -2.72435      0.85
 0.980415  -2.72106      0.85
 0.980565  -2.71778      0.85
 0.980715   -2.7145      0.85
 0.980865  -2.71123      0.85
 0.981016  -2.70796      0.85
 0.981166   -2.7047      0.85
 0.981316  -2.70144      0.85
 0.981466  -2.69819      0.85
 0.981616  -2.69494      0.85
 0.981766   -2.6917      0.85
 0.981916  -2.68846      0.85
 0.982066  -2.68523      0.85
 0.982216    -2.682      0.85
 0.982366  -2.67877      0.85
 0.982516  -2.67556      0.85
 0.982666  -2.67234      0.85
 0.982816  -2.66913      0.85
 0.982966  -2.66593      0.85
 0.983117  -2.66273      0.85
 0.983267  -2.65954      0.85
 0.983417  -2.65635      0.85
 0.983567  -2.65316      0.85
 0.983717  -2.64999      0.85
 0.983867  -2.64681      0.85
 0.984017  -2.64364      0.85
 0.984167  -2.64048      0.85
 0.984317  -2.63732      0.85
 0.984467  -2.63416      0.85
 0.984617  -2.63101      0.85
 0.984767  -2.62786      0.85
 0.984917  -2.62472      0.85
 0.985068  -2.62158      0.85
 0.985218  -2.61845      0.85
 0.985368  -2.61533      0.85
 0.985518   -2.6122      0.85
 0.985668  -2.60909      0.85
 0.985818  -2.60597      0.85
 0.985968  -2.60286      0.85
 0.986118  -2.59976      0.85
 0.986268  -2.59666      0.85
 0.986418  -2.59357      0.85
 0.986568  -2.59048      0.85
 0.986718  -2.58739      0.85
 0.986868  -2.58431      0.85
 0.987019  -2.58123      0.85
 0.987169  -2.57816      0.85
 0.987319   -2.5751      0.85
 0.987469  -2.57203      0.85
 0.987619  -2.56898      0.85
 0.987769  -2.56592      0.85
 0.987919  -2.56288      0.85
 0.988069  -2.55983      0.85
 0.988219  -2.55679      0.85
 0.988369  -2.55376      0.85
 0.988519  -2.55073      0.85
 0.988669   -2.5477      0.85
 0.988819  -2.54468      0.85
 0.988969  -2.54166      0.85
  0.98912  -2.53865      0.85
  0.98927  -2.53564      0.85
  0.98942  -2.53264      0.85
  0.98957  -2.52964      0.85
  0.98972  -2.52665      0.85
  0.98987  -2.52366      0.85
  0.99002  -2.52067      0.85
  0.99017  -2.51769      0.85
  0.99032  -2.51471      0.85
  0.99047  -2.51174      0.85
  0.99062  -2.50877      0.85
  0.99077  -2.50581      0.85
  0.99092  -2.50285      0.85
 0.991071   -2.4999      0.85
 0.991221  -2.49695      0.85
 0.991371    -2.494      0.85
 0.991521  -2.49106      0.85
 0.991671  -2.48812      0.85
 0.991821  -2.48519      0.85
 0.991971  -2.48226      0.85
 0.992121  -2.47934      0.85
 0.992271  -2.47642      0.85
 0.992421  -2.47351      0.85
 0.992571  -2.47059      0.85
 0.992721  -2.46769      0.85
 0.992871  -2.46479      0.85
 0.993022  -2.46189      0.85
 0.993172  -2.45899      0.85
 0.993322   -2.4561      0.85
 0.993472  -2.45322      0.85
 0.993622  -2.45034      0.85
 0.993772  -2.44746      0.85
 0.993922  -2.44459      0.85
 0.994072  -2.44172      0.85
 0.994222  -2.43886      0.85
 0.994372    -2.436      0.85
 0.994522  -2.43314      0.85
 0.994672  -2.43029      0.85
 0.994822  -2.42745      0.85
 0.994972   -2.4246      0.85
 0.995123  -2.42176      0.85
 0.995273  -2.41893      0.85
 0.995423   -2.4161      0.85
 0.995573  -2.41327      0.85
 0.995723  -2.41045      0.85
 0.995873  -2.40763      0.85
 0.996023  -2.40482      0.85
 0.996173  -2.40201      0.85
 0.996323  -2.39921      0.85
 0.996473   -2.3964      0.85
 0.996623  -2.39361      0.85
 0.996773  -2.39081      0.85
 0.996923  -2.38802      0.85
 0.997074  -2.38524      0.85
 0.997224  -2.38246      0.85
 0.997374  -2.37968      0.85
 0.997524  -2.37691      0.85
 0.997674  -2.37414      0.85
 0.997824  -2.37138      0.85
 0.997974  -2.36862      0.85
 0.998124  -2.36586      0.85
 0.998274  -2.36311      0.85
 0.998424  -2.36036      0.85
 0.998574  -2.35762      0.85
 0.998724  -2.35488      0.85
 0.998874  -2.35214      0.85
 0.999025  -2.34941      0.85
 0.999175  -2.34668      0.85
 0.999325  -2.34396      0.85
 0.999475  -2.34123      0.85
 0.999625  -2.33852      0.85
 0.999775  -2.33581      0.85
 0.999925   -2.3331      0.85
  1.00008  -2.33039      0.85
  1.00023  -2.32769      0.85
  1.00038    -2.325      0.85
  1.00053   -2.3223      0.85
  1.00068  -2.31962      0.85
  1.00083  -2.31693      0.85
  1.00098  -2.31425      0.85
  1.00113  -2.31157      0.85
  1.00128   -2.3089      0.85
  1.00143  -2.30623      0.85
  1.00158  -2.30357      0.85
  1.00173   -2.3009      0.85
  1.00188  -2.29825      0.85
  1.00203  -2.29559      0.85
  1.00218  -2.29294      0.85
  1.00233   -2.2903      0.85
  1.00248  -2.28766      0.85
  1.00263  -2.28502      0.85
  1.00278  -2.28238      0.85
  1.00293  -2.27975      0.85
  1.00308  -2.27713      0.85
  1.00323   -2.2745      0.85
  1.00338  -2.27188      0.85
  1.00353  -2.26927      0.85
  1.00368  -2.26666      0.85
  1.00383  -2.26405      0.85
  1.00398  -2.26145      0.85
  1.00413  -2.25885      0.85
  1.00428  -2.25625      0.85
  1.00443  -2.25366      0.85
  1.00458  -2.25107      0.85
  1.00473  -2.24848      0.85
  1.00488   -2.2459      0.85
  1.00503  -2.24332      0.85
  1.00518  -2.24075      0.85
  1.00533  -2.23818      0.85
  1.00548  -2.23561      0.85
  1.00563  -2.23305      0.85
  1.00578  -2.23049      0.85
  1.00593  -2.22793      0.85
  1.00608  -2.22538      0.85
  1.00623  -2.22283      0.85
  1.00638  -2.22029      0.85
  1.00653  -2.21775      0.85
  1.00668  -2.21521      0.85
  1.00683  -2.21268      0.85
  1.00698  -2.21015      0.85
  1.00713  -2.20762      0.85
  1.00728   -2.2051      0.85
  1.00743  -2.20258      0.85
  1.00758  -2.20007      0.85
  1.00773  -2.19755      0.85
  1.00788  -2.19505      0.85
  1.00803  -2.19254      0.85
  1.00818  -2.19004      0.85
  1.00833  -2.18754      0.85
  1.00848  -2.18505      0.85
  1.00863  -2.18256      0.85
  1.00878  -2.18007      0.85
  1.00893  -2.17759      0.85
  1.00908  -2.17511      0.85
  1.00923  -2.17264      0.85
  1.00938  -2.17016      0.85
  1.00953  -2.16769      0.85
  1.00968  -2.16523      0.85
  1.00983  -2.16277      0.85
  1.00998  -2.16031      0.85
  1.01013  -2.15785      0.85
  1.01028   -2.1554      0.85
  1.01043  -2.15296      0.85
  1.01058  -2.15051      0.85
  1.01073  -2.14807      0.85
  1.01088  -2.14563      0.85
  1.01103   -2.1432      0.85
  1.01118  -2.14077      0.85
  1.01133  -2.13834      0.85
  1.01148  -2.13592      0.85
  1.01163   -2.1335      0.85
  1.01178  -2.13108      0.85
  1.01193  -2.12867      0.85
  1.01208  -2.12626      0.85
  1.01223  -2.12386      0.85
  1.01238  -2.12145      0.85
  1.01253  -2.11905      0.85
  1.01268  -2.11666      0.85
  1.01283  -2.11427      0.85
  1.01298  -2.11188      0.85
  1.01313  -2.10949      0.85
  1.01328  -2.10711      0.85
  1.01343  -2.10473      0.85
  1.01358  -2.10235      0.85
  1.01373  -2.09998      0.85
  1.01388  -2.09761      0.85
  1.01403  -2.09525      0.85
  1.01418  -2.09289      0.85
  1.01433  -2.09053      0.85
  1.01448  -2.08817      0.85
  1.01463  -2.08582      0.85
  1.01478  -2.08347      0.85
  1.01493  -2.08113      0.85
  1.01508  -2.07878      0.85
  1.01523  -2.07645      0.85
  1.01538  -2.07411      0.85
  1.01553  -2.07178      0.85
  1.01568  -2.06945      0.85
  1.01583  -2.06712      0.85
  1.01598   -2.0648      0.85
  1.01613  -2.06248      0.85
  1.01628  -2.06017      0.85
  1.01643  -2.05786      0.85
  1.01658  -2.05555      0.85
  1.01673  -2.05324      0.85
  1.01688  -2.05094      0.85
  1.01703  -2.04864      0.85
  1.01718  -2.04634      0.85
  1.01733  -2.04405      0.85
  1.01748  -2.04176      0.85
  1.01763  -2.03948      0.85
  1.01778  -2.03719      0.85
  1.01793  -2.03491      0.85
  1.01808  -2.03264      0.85
  1.01823  -2.03036      0.85
  1.01838  -2.02809      0.85
  1.01853  -2.02583      0.85
  1.01868  -2.02356      0.85
  1.01883   -2.0213      0.85
  1.01898  -2.01904      0.85
  1.01913  -2.01679      0.85
  1.01928  -2.01454      0.85
  1.01943  -2.01229      0.85
  1.01958  -2.01005      0.85
  1.01973   -2.0078      0.85
  1.01988  -2.00556      0.85
  1.02004  -2.00333      0.85
  1.02019   -2.0011      0.85
  1.02034  -1.99887      0.85
  1.02049  -1.99664      0.85
  1.02064  -1.99442      0.85
  1.02079   -1.9922      0.85
  1.02094  -1.98998      0.85
  1.02109  -1.98777      0.85
  1.02124  -1.98556      0.85
  1.02139  -1.98335      0.85
  1.02154  -1.98115      0.85
  1.02169  -1.97895      0.85
  1.02184  -1.97675      0.85
  1.02199  -1.97455      0.85
  1.02214  -1.97236      0.85
  1.02229  -1.97017      0.85
  1.02244  -1.96799      0.85
  1.02259   -1.9658      0.85
  1.02274  -1.96362      0.85
  1.02289  -1.96145      0.85
  1.02304  -1.95927      0.85
  1.02319   -1.9571      0.85
  1.02334  -1.95494      0.85
  1.02349  -1.95277      0.85
  1.02364  -1.95061      0.85
  1.02379  -1.94845      0.85
  1.02394   -1.9463      0.85
  1.02409  -1.94414      0.85
  1.02424  -1.94199      0.85
  1.02439  -1.93985      0.85
  1.02454   -1.9377      0.85
  1.02469  -1.93556      0.85
  1.02484  -1.93343      0.85
  1.02499  -1.93129      0.85
  1.02514  -1.92916      0.85
  1.02529  -1.92703      0.85
  1.02544  -1.92491      0.85
  1.02559  -1.92278      0.85
  1.02574  -1.92066      0.85
  1.02589  -1.91855      0.85
  1.02604  -1.91643      0.85
  1.02619  -1.91432      0.85
  1.02634  -1.91221      0.85
  1.02649  -1.91011      0.85
  1.02664  -1.90801      0.85
  1.02679  -1.90591      0.85
  1.02694  -1.90381      0.85
  1.02709  -1.90172      0.85
  1.02724  -1.89963      0.85
  1.02739  -1.89754      0.85
  1.02754  -1.89545      0.85
  1.02769  -1.89337      0.85
  1.02784  -1.89129      0.85
  1.02799  -1.88922      0.85
  1.02814  -1.88714      0.85
  1.02829  -1.88507      0.85
  1.02844    -1.883      0.85
  1.02859  -1.88094      0.85
  1.02874  -1.87888      0.85
  1.02889  -1.87682      0.85
  1.02904  -1.87476      0.85
  1.02919  -1.87271      0.85
  1.02934  -1.87066      0.85
  1.02949  -1.86861      0.85
  1.02964  -1.86657      0.85
  1.02979  -1.86452      0.85
  1.02994  -1.86248      0.85
  1.03009  -1.86045      0.85
  1.03024  -1.85841      0.85
  1.03039  -1.85638      0.85
  1.03054  -1.85436      0.85
  1.03069  -1.85233      0.85
  1.03084  -1.85031      0.85
  1.03099  -1.84829      0.85
  1.03114  -1.84627      0.85
  1.03129  -1.84426      0.85
  1.03144  -1.84225      0.85
  1.03159  -1.84024      0.85
  1.03174  -1.83823      0.85
  1.03189  -1.83623      0.85
  1.03204  -1.83423      0.85
  1.03219  -1.83223      0.85
  1.03234  -1.83024      0.85
  1.03249  -1.82824      0.85
  1.03264  -1.82625      0.85
  1.03279  -1.82427      0.85
  1.03294  -1.82228      0.85
  1.03309   -1.8203      0.85
  1.03324  -1.81832      0.85
  1.03339  -1.81635      0.85
  1.03354  -1.81437      0.85
  1.03369   -1.8124      0.85
  1.03384  -1.81044      0.85
  1.03399  -1.80847      0.85
  1.03414  -1.80651      0.85
  1.03429  -1.80455      0.85
  1.03444  -1.80259      0.85
  1.03459  -1.80064      0.85
  1.03474  -1.79869      0.85
  1.03489  -1.79674      0.85
  1.03504  -1.79479      0.85
  1.03519  -1.79285      0.85
  1.03534  -1.79091      0.85
  1.03549  -1.78897      0.85
  1.03564  -1.78703      0.85
  1.03579   -1.7851      0.85
  1.03594  -1.78317      0.85
  1.03609  -1.78124      0.85
  1.03624  -1.77932      0.85
  1.03639  -1.77739      0.85
  1.03654  -1.77547      0.85
  1.03669  -1.77356      0.85
  1.03684  -1.77164      0.85
  1.03699  -1.76973      0.85
  1.03714  -1.76782      0.85
  1.03729  -1.76591      0.85
  1.03744  -1.76401      0.85
  1.03759  -1.76211      0.85
  1.03774  -1.76021      0.85
  1.03789  -1.75831      0.85
  1.03804  -1.75642      0.85
  1.03819  -1.75452      0.85
  1.03834  -1.75264      0.85
  1.03849  -1.75075      0.85
  1.03864  -1.74887      0.85
  1.03879  -1.74698      0.85
  1.03894  -1.74511      0.85
  1.03909  -1.74323      0.85
  1.03924  -1.74136      0.85
  1.03939  -1.73948      0.85
  1.03954  -1.73762      0.85
  1.03969  -1.73575      0.85
  1.03984  -1.73389      0.85
  1.03999  -1.73203      0.85
  1.04015  -1.73017      0.85
   1.0403  -1.72831      0.85
  1.04045  -1.72646      0.85
   1.0406  -1.72461      0.85
  1.04075  -1.72276      0.85
   1.0409  -1.72091      0.85
  1.04105  -1.71907      0.85
   1.0412  -1.71723      0.85
  1.04135  -1.71539      0.85
   1.0415  -1.71355      0.85
  1.04165  -1.71172      0.85
   1.0418  -1.70989      0.85
  1.04195  -1.70806      0.85
   1.0421  -1.70623      0.85
  1.04225  -1.70441      0.85
   1.0424  -1.70259      0.85
  1.04255  -1.70077      0.85
   1.0427  -1.69895      0.85
  1.04285  -1.69714      0.85
    1.043  -1.69533      0.85
  1.04315  -1.69352      0.85
   1.0433  -1.69171      0.85
  1.04345  -1.68991      0.85
   1.0436  -1.68811      0.85
  1.04375  -1.68631      0.85
   1.0439  -1.68451      0.85
  1.04405  -1.68272      0.85
   1.0442  -1.68092      0.85
  1.04435  -1.67913      0.85
   1.0445  -1.67735      0.85
  1.04465  -1.67556      0.85
   1.0448  -1.67378      0.85
  1.04495    -1.672      0.85
   1.0451  -1.67022      0.85
  1.04525  -1.66845      0.85
   1.0454  -1.66667      0.85
  1.04555   -1.6649      0.85
   1.0457  -1.66313      0.85
  1.04585  -1.66137      0.85
    1.046   -1.6596      0.85
  1.04615  -1.65784      0.85
   1.0463  -1.65608      0.85
  1.04645  -1.65433      0.85
   1.0466  -1.65257      0.85
  1.04675  -1.65082      0.85
   1.0469  -1.64907      0.85
  1.04705  -1.64733      0.85
   1.0472  -1.64558      0.85
  1.04735  -1.64384      0.85
   1.0475   -1.6421      0.85
  1.04765  -1.64036      0.85
   1.0478  -1.63862      0.85
  1.04795  -1.63689      0.85
   1.0481  -1.63516      0.85
  1.04825  -1.63343      0.85
   1.0484  -1.63171      0.85
  1.04855  -1.62998      0.85
   1.0487  -1.62826      0.85
  1.04885  -1.62654      0.85
    1.049  -1.62482      0.85
  1.04915  -1.62311      0.85
   1.0493   -1.6214      0.85
  1.04945  -1.61969      0.85
   1.0496  -1.61798      0.85
  1.04975  -1.61627      0.85
   1.0499  -1.61457      0.85
  1.05005  -1.61287      0.85
   1.0502  -1.61117      0.85
  1.05035  -1.60947      0.85
   1.0505  -1.60778      0.85
  1.05065  -1.60609      0.85
   1.0508   -1.6044      0.85
  1.05095  -1.60271      0.85
   1.0511  -1.60102      0.85
  1.05125  -1.59934      0.85
   1.0514  -1.59766      0.85
  1.05155  -1.59598      0.85
   1.0517   -1.5943      0.85
  1.05185  -1.59263      0.85
    1.052  -1.59096      0.85
  1.05215  -1.58929      0.85
   1.0523  -1.58762      0.85
  1.05245  -1.58595      0.85
   1.0526  -1.58429      0.85
  1.05275  -1.58263      0.85
   1.0529  -1.58097      0.85
  1.05305  -1.57931      0.85
   1.0532  -1.57766      0.85
  1.05335  -1.57601      0.85
   1.0535  -1.57436      0.85
  1.05365  -1.57271      0.85
   1.0538  -1.57106      0.85
  1.05395  -1.56942      0.85
   1.0541  -1.56778      0.85
  1.05425  -1.56614      0.85
   1.0544   -1.5645      0.85
  1.05455  -1.56286      0.85
   1.0547  -1.56123      0.85
  1.05485   -1.5596      0.85
    1.055  -1.55797      0.85
  1.05515  -1.55635      0.85
   1.0553  -1.55472      0.85
  1.05545   -1.5531      0.85
   1.0556  -1.55148      0.85
  1.05575  -1.54986      0.85
   1.0559  -1.54825      0.85
  1.05605  -1.54663      0.85
   1.0562  -1.54502      0.85
  1.05635  -1.54341      0.85
   1.0565   -1.5418      0.85
  1.05665   -1.5402      0.85
   1.0568   -1.5386      0.85
  1.05695  -1.53699      0.85
   1.0571   -1.5354      0.85
  1.05725   -1.5338      0.85
   1.0574   -1.5322      0.85
  1.05755  -1.53061      0.85
   1.0577  -1.52902      0.85
  1.05785  -1.52743      0.85
    1.058  -1.52585      0.85
  1.05815  -1.52426      0.85
   1.0583  -1.52268      0.85
  1.05845   -1.5211      0.85
   1.0586  -1.51952      0.85
  1.05875  -1.51794      0.85
   1.0589  -1.51637      0.85
  1.05905   -1.5148      0.85
   1.0592  -1.51323      0.85
  1.05935  -1.51166      0.85
   1.0595   -1.5101      0.85
  1.05965  -1.50853      0.85
   1.0598  -1.50697      0.85
  1.05995  -1.50541      0.85
  1.06011  -1.50385      0.85
  1.06026   -1.5023      0.85
  1.06041  -1.50074      0.85
  1.06056  -1.49919      0.85
  1.06071  -1.49764      0.85
  1.06086  -1.49609      0.85
  1.06101  -1.49455      0.85
  1.06116  -1.49301      0.85
  1.06131  -1.49146      0.85
  1.06146  -1.48992      0.85
  1.06161  -1.48839      0.85
  1.06176  -1.48685      0.85
  1.06191  -1.48532      0.85
  1.06206  -1.48379      0.85
  1.06221  -1.48226      0.85
  1.06236  -1.48073      0.85
  1.06251   -1.4792      0.85
  1.06266  -1.47768      0.85
  1.06281  -1.47616      0.85
  1.06296  -1.47464      0.85
  1.06311  -1.47312      0.85
  1.06326  -1.47161      0.85
  1.06341  -1.47009      0.85
  1.06356  -1.46858      0.85
  1.06371  -1.46707      0.85
  1.06386  -1.46556      0.85
  1.06401  -1.46406      0.85
  1.06416  -1.46255      0.85
  1.06431  -1.46105      0.85
  1.06446  -1.45955      0.85
  1.06461  -1.45805      0.85
  1.06476  -1.45656      0.85
  1.06491  -1.45506      0.85
  1.06506  -1.45357      0.85
  1.06521  -1.45208      0.85
  1.06536  -1.45059      0.85
  1.06551   -1.4491      0.85
  1.06566  -1.44762      0.85
  1.06581  -1.44614      0.85
  1.06596  -1.44466      0.85
  1.06611  -1.44318      0.85
  1.06626   -1.4417      0.85
  1.06641  -1.44022      0.85
  1.06656  -1.43875      0.85
  1.06671  -1.43728      0.85
  1.06686  -1.43581      0.85
  1.06701  -1.43434      0.85
  1.06716  -1.43288      0.85
  1.06731  -1.43141      0.85
  1.06746  -1.42995      0.85
  1.06761  -1.42849      0.85
  1.06776  -1.42703      0.85
  1.06791  -1.42558      0.85
  1.06806  -1.42412      0.85
  1.06821  -1.42267      0.85
  1.06836  -1.42122      0.85
  1.06851  -1.41977      0.85
  1.06866  -1.41832      0.85
  1.06881  -1.41688      0.85
  1.06896  -1.41544      0.85
  1.06911  -1.41399      0.85
  1.06926  -1.41255      0.85
  1.06941  -1.41112      0.85
  1.06956  -1.40968      0.85
  1.06971  -1.40825      0.85
  1.06986  -1.40682      0.85
  1.07001  -1.40539      0.85
  1.07016  -1.40396      0.85
  1.07031  -1.40253      0.85
  1.07046  -1.40111      0.85
  1.07061  -1.39968      0.85
  1.07076  -1.39826      0.85
  1.07091  -1.39684      0.85
  1.07106  -1.39542      0.85
  1.07121  -1.39401      0.85
  1.07136  -1.39259      0.85
  1.07151  -1.39118      0.85
  1.07166  -1.38977      0.85
  1.07181  -1.38836      0.85
  1.07196  -1.38696      0.85
  1.07211  -1.38555      0.85
  1.07226  -1.38415      0.85
  1.07241  -1.38275      0.85
  1.07256  -1.38135      0.85
  1.07271  -1.37995      0.85
  1.07286  -1.37855      0.85
  1.07301  -1.37716      0.85
  1.07316  -1.37577      0.85
  1.07331  -1.37438      0.85
  1.07346  -1.37299      0.85
  1.07361   -1.3716      0.85
  1.07376  -1.37022      0.85
  1.07391  -1.36883      0.85
  1.07406  -1.36745      0.85
  1.07421  -1.36607      0.85
  1.07436  -1.36469      0.85
  1.07451  -1.36331      0.85
  1.07466  -1.36194      0.85
  1.07481  -1.36057      0.85
  1.07496   -1.3592      0.85
  1.07511  -1.35783      0.85
  1.07526  -1.35646      0.85
  1.07541  -1.35509      0.85
  1.07556  -1.35373      0.85
  1.07571  -1.35236      0.85
  1.07586    -1.351      0.85
  1.07601  -1.34964      0.85
  1.07616  -1.34829      0.85
  1.07631  -1.34693      0.85
  1.07646  -1.34558      0.85
  1.07661  -1.34422      0.85
  1.07676  -1.34287      0.85
  1.07691  -1.34153      0.85
  1.07706  -1.34018      0.85
  1.07721  -1.33883      0.85
  1.07736  -1.33749      0.85
  1.07751  -1.33615      0.85
  1.07766  -1.33481      0.85
  1.07781  -1.33347      0.85
  1.07796  -1.33213      0.85
  1.07811  -1.33079      0.85
  1.07826  -1.32946      0.85
  1.07841  -1.32813      0.85
  1.07856   -1.3268      0.85
  1.07871  -1.32547      0.85
  1.07886  -1.32414      0.85
  1.07901  -1.32282      0.85
  1.07916  -1.32149      0.85
  1.07931  -1.32017      0.85
  1.07946  -1.31885      0.85
  1.07961  -1.31753      0.85
  1.07976  -1.31622      0.85
  1.07991   -1.3149      0.85
  1.08007  -1.31359      0.85
  1.08022  -1.31228      0.85
  1.08037  -1.31097      0.85
  1.08052  -1.30966      0.85
  1.08067  -1.30835      0.85
  1.08082  -1.30704      0.85
  1.08097  -1.30574      0.85
  1.08112  -1.30444      0.85
  1.08127  -1.30314      0.85
  1.08142  -1.30184      0.85
  1.08157  -1.30054      0.85
  1.08172  -1.29925      0.85
  1.08187  -1.29795      0.85
  1.08202  -1.29666      0.85
  1.08217  -1.29537      0.85
  1.08232  -1.29408      0.85
  1.08247  -1.29279      0.85
  1.08262  -1.29151      0.85
  1.08277  -1.29022      0.85
  1.08292  -1.28894      0.85
  1.08307  -1.28766      0.85
  1.08322  -1.28638      0.85
  1.08337   -1.2851      0.85
  1.08352  -1.28383      0.85
  1.08367  -1.28255      0.85
  1.08382  -1.28128      0.85
  1.08397  -1.28001      0.85
  1.08412  -1.27874      0.85
  1.08427  -1.27747      0.85
  1.08442   -1.2762      0.85
  1.08457  -1.27494      0.85
  1.08472  -1.27367      0.85
  1.08487  -1.27241      0.85
  1.08502  -1.27115      0.85
  1.08517  -1.26989      0.85
  1.08532  -1.26863      0.85
  1.08547  -1.26738      0.85
  1.08562  -1.26612      0.85
  1.08577  -1.26487      0.85
  1.08592  -1.26362      0.85
  1.08607  -1.26237      0.85
  1.08622  -1.26112      0.85
  1.08637  -1.25988      0.85
  1.08652  -1.25863      0.85
  1.08667  -1.25739      0.85
  1.08682  -1.25615      0.85
  1.08697  -1.25491      0.85
  1.08712  -1.25367      0.85
  1.08727  -1.25243      0.85
  1.08742   -1.2512      0.85
  1.08757  -1.24996      0.85
  1.08772  -1.24873      0.85
  1.08787   -1.2475      0.85
  1.08802  -1.24627      0.85
  1.08817  -1.24504      0.85
  1.08832  -1.24381      0.85
  1.08847  -1.24259      0.85
  1.08862  -1.24137      0.85
  1.08877  -1.24014      0.85
  1.08892  -1.23892      0.85
  1.08907  -1.23771      0.85
  1.08922  -1.23649      0.85
  1.08937  -1.23527      0.85
  1.08952  -1.23406      0.85
  1.08967  -1.23285      0.85
  1.08982  -1.23163      0.85
  1.08997  -1.23042      0.85
  1.09012  -1.22922      0.85
  1.09027  -1.22801      0.85
  1.09042   -1.2268      0.85
  1.09057   -1.2256      0.85
  1.09072   -1.2244      0.85
  1.09087   -1.2232      0.85
  1.09102    -1.222      0.85
  1.09117   -1.2208      0.85
  1.09132   -1.2196      0.85
  1.09147  -1.21841      0.85
  1.09162  -1.21722      0.85
  1.09177  -1.21602      0.85
  1.09192  -1.21483      0.85
  1.09207  -1.21364      0.85
  1.09222  -1.21246      0.85
  1.09237  -1.21127      0.85
  1.09252  -1.21009      0.85
  1.09267   -1.2089      0.85
  1.09282  -1.20772      0.85
  1.09297  -1.20654      0.85
  1.09312  -1.20536      0.85
  1.09327  -1.20418      0.85
  1.09342  -1.20301      0.85
  1.09357  -1.20183      0.85
  1.09372  -1.20066      0.85
  1.09387  -1.19949      0.85
  1.09402  -1.19832      0.85
  1.09417  -1.19715      0.85
  1.09432  -1.19598      0.85
  1.09447  -1.19482      0.85
  1.09462  -1.19365      0.85
  1.09477  -1.19249      0.85
  1.09492  -1.19133      0.85
  1.09507  -1.19017      0.85
  1.09522  -1.18901      0.85
  1.09537  -1.18785      0.85
  1.09552   -1.1867      0.85
  1.09567  -1.18554      0.85
  1.09582  -1.18439      0.85
  1.09597  -1.18324      0.85
  1.09612  -1.18209      0.85
  1.09627  -1.18094      0.85
  1.09642  -1.17979      0.85
  1.09657  -1.17864      0.85
  1.09672   -1.1775      0.85
  1.09687  -1.17636      0.85
  1.09702  -1.17522      0.85
  1.09717  -1.17407      0.85
  1.09732  -1.17294      0.85
  1.09747   -1.1718      0.85
  1.09762  -1.17066      0.85
  1.09777  -1.16953      0.85
  1.09792  -1.16839      0.85
  1.09807  -1.16726      0.85
  1.09822  -1.16613      0.85
  1.09837    -1.165      0.85
  1.09852  -1.16387      0.85
  1.09867  -1.16275      0.85
  1.09882  -1.16162      0.85
  1.09897   -1.1605      0.85
  1.09912  -1.15938      0.85
  1.09927  -1.15825      0.85
  1.09942  -1.15714      0.85
  1.09957  -1.15602      0.85
  1.09972   -1.1549      0.85
  1.09987  -1.15378      0.85
  1.10003  -1.15267      0.85
  1.10018  -1.15156      0.85
  1.10033  -1.15045      0.85
  1.10048  -1.14934      0.85
  1.10063  -1.14823      0.85
  1.10078  -1.14712      0.85
  1.10093  -1.14601      0.85
  1.10108  -1.14491      0.85
  1.10123   -1.1438      0.85
  1.10138   -1.1427      0.85
  1.10153   -1.1416      0.85
  1.10168   -1.1405      0.85
  1.10183   -1.1394      0.85
  1.10198  -1.13831      0.85
  1.10213  -1.13721      0.85
  1.10228  -1.13612      0.85
  1.10243  -1.13502      0.85
  1.10258  -1.13393      0.85
  1.10273  -1.13284      0.85
  1.10288  -1.13175      0.85
  1.10303  -1.13067      0.85
  1.10318  -1.12958      0.85
  1.10333   -1.1285      0.85
  1.10348  -1.12741      0.85
  1.10363  -1.12633      0.85
  1.10378  -1.12525      0.85
  1.10393  -1.12417      0.85
  1.10408  -1.12309      0.85
  1.10423  -1.12201      0.85
  1.10438  -1.12094      0.85
  1.10453  -1.11986      0.85
  1.10468  -1.11879      0.85
  1.10483  -1.11772      0.85
  1.10498  -1.11665      0.85
  1.10513  -1.11558      0.85
  1.10528  -1.11451      0.85
  1.10543  -1.11344      0.85
  1.10558  -1.11238      0.85
  1.10573  -1.11131      0.85
  1.10588  -1.11025      0.85
  1.10603  -1.10919      0.85
  1.10618  -1.10813      0.85
  1.10633  -1.10707      0.85
  1.10648  -1.10601      0.85
  1.10663  -1.10496      0.85
  1.10678   -1.1039      0.85
  1.10693  -1.10285      0.85
  1.10708  -1.10179      0.85
  1.10723  -1.10074      0.85
  1.10738  -1.09969      0.85
  1.10753  -1.09864      0.85
  1.10768   -1.0976      0.85
  1.10783  -1.09655      0.85
  1.10798   -1.0955      0.85
  1.10813  -1.09446      0.85
  1.10828  -1.09342      0.85
  1.10843  -1.09238      0.85
  1.10858  -1.09134      0.85
  1.10873   -1.0903      0.85
  1.10888  -1.08926      0.85
  1.10903  -1.08822      0.85
  1.10918  -1.08719      0.85
  1.10933  -1.08615      0.85
  1.10948  -1.08512      0.85
  1.10963  -1.08409      0.85
  1.10978  -1.08306      0.85
  1.10993  -1.08203      0.85
  1.11008    -1.081      0.85
  1.11023  -1.07998      0.85
  1.11038  -1.07895      0.85
  1.11053  -1.07793      0.85
  1.11068  -1.07691      0.85
  1.11083  -1.07588      0.85
  1.11098  -1.07486      0.85
  1.11113  -1.07384      0.85
  1.11128  -1.07283      0.85
  1.11143  -1.07181      0.85
  1.11158  -1.07079      0.85
  1.11173  -1.06978      0.85
  1.11188  -1.06877      0.85
  1.11203  -1.06775      0.85
  1.11218  -1.06674      0.85
  1.11233  -1.06573      0.85
  1.11248  -1.06473      0.85
  1.11263  -1.06372      0.85
  1.11278  -1.06271      0.85
  1.11293  -1.06171      0.85
  1.11308  -1.06071      0.85
  1.11323   -1.0597      0.85
  1.11338   -1.0587      0.85
  1.11353   -1.0577      0.85
  1.11368   -1.0567      0.85
  1.11383  -1.05571      0.85
  1.11398  -1.05471      0.85
  1.11413  -1.05371      0.85
  1.11428  -1.05272      0.85
  1.11443  -1.05173      0.85
  1.11458  -1.05074      0.85
  1.11473  -1.04975      0.85
  1.11488  -1.04876      0.85
  1.11503  -1.04777      0.85
  1.11518  -1.04678      0.85
  1.11533   -1.0458      0.85
  1.11548  -1.04481      0.85
  1.11563  -1.04383      0.85
  1.11578  -1.04285      0.85
  1.11593  -1.04186      0.85
  1.11608  -1.04088      0.85
  1.11623  -1.03991      0.85
  1.11638  -1.03893      0.85
  1.11653  -1.03795      0.85
  1.11668  -1.03698      0.85
  1.11683    -1.036      0.85
  1.11698  -1.03503      0.85
  1.11713  -1.03406      0.85
  1.11728  -1.03309      0.85
  1.11743  -1.03212      0.85
  1.11758  -1.03115      0.85
  1.11773  -1.03018      0.85
  1.11788  -1.02922      0.85
  1.11803  -1.02825      0.85
  1.11818  -1.02729      0.85
  1.11833  -1.02632      0.85
  1.11848  -1.02536      0.85
  1.11863   -1.0244      0.85
  1.11878  -1.02344      0.85
  1.11893  -1.02249      0.85
  1.11908  -1.02153      0.85
  1.11923  -1.02057      0.85
  1.11938  -1.01962      0.85
  1.11953  -1.01866      0.85
  1.11968  -1.01771      0.85
  1.11983  -1.01676      0.85
  1.11998  -1.01581      0.85
  1.12014  -1.01486      0.85
  1.12029  -1.01391      0.85
  1.12044  -1.01297      0.85
  1.12059  -1.01202      0.85
  1.12074  -1.01108      0.85
  1.12089  -1.01013      0.85
  1.12104  -1.00919      0.85
  1.12119  -1.00825      0.85
  1.12134  -1.00731      0.85
  1.12149  -1.00637      0.85
  1.12164  -1.00543      0.85
  1.12179  -1.00449      0.85
  1.12194  -1.00356      0.85
  1.12209  -1.00262      0.85
  1.12224  -1.00169      0.85
  1.12239  -1.00076      0.85
  1.12254 -0.999825      0.85
  1.12269 -0.998895      0.85
  1.12284 -0.997965      0.85
  1.12299 -0.997037      0.85
  1.12314  -0.99611      0.85
  1.12329 -0.995184      0.85
  1.12344 -0.994259      0.85
  1.12359 -0.993335      0.85
  1.12374 -0.992412      0.85
  1.12389 -0.991491      0.85
  1.12404  -0.99057      0.85
  1.12419 -0.989651      0.85
  1.12434 -0.988732      0.85
  1.12449 -0.987815      0.85
  1.12464 -0.986898      0.85
  1.12479 -0.985983      0.85
  1.12494 -0.985069      0.85
  1.12509 -0.984156      0.85
  1.12524 -0.983244      0.85
  1.12539 -0.982333      0.85
  1.12554 -0.981423      0.85
  1.12569 -0.980514      0.85
  1.12584 -0.979606      0.85
  1.12599 -0.978699      0.85
  1.12614 -0.977794      0.85
  1.12629 -0.976889      0.85
  1.12644 -0.975986      0.85
  1.12659 -0.975083      0.85
  1.12674 -0.974182      0.85
  1.12689 -0.973281      0.85
  1.12704 -0.972382      0.85
  1.12719 -0.971483      0.85
  1.12734 -0.970586      0.85
  1.12749  -0.96969      0.85
  1.12764 -0.968795      0.85
  1.12779 -0.967901      0.85
  1.12794 -0.967007      0.85
  1.12809 -0.966115      0.85
  1.12824 -0.965224      0.85
  1.12839 -0.964334      0.85
  1.12854 -0.963445      0.85
  1.12869 -0.962557      0.85
  1.12884  -0.96167      0.85
  1.12899 -0.960785      0.85
  1.12914   -0.9599      0.85
  1.12929 -0.959016      0.85
  1.12944 -0.958133      0.85
  1.12959 -0.957251      0.85
  1.12974 -0.956371      0.85
  1.12989 -0.955491      0.85
  1.13004 -0.954612      0.85
  1.13019 -0.953734      0.85
  1.13034 -0.952858      0.85
  1.13049 -0.951982      0.85
  1.13064 -0.951107      0.85
  1.13079 -0.950234      0.85
  1.13094 -0.949361      0.85
  1.13109 -0.948489      0.85
  1.13124 -0.947619      0.85
  1.13139 -0.946749      0.85
  1.13154 -0.945881      0.85
  1.13169 -0.945013      0.85
  1.13184 -0.944146      0.85
  1.13199 -0.943281      0.85
  1.13214 -0.942416      0.85
  1.13229 -0.941553      0.85
  1.13244  -0.94069      0.85
  1.13259 -0.939828      0.85
  1.13274 -0.938968      0.85
  1.13289 -0.938108      0.85
  1.13304 -0.937249      0.85
  1.13319 -0.936392      0.85
  1.13334 -0.935535      0.85
  1.13349  -0.93468      0.85
  1.13364 -0.933825      0.85
  1.13379 -0.932971      0.85
  1.13394 -0.932118      0.85
  1.13409 -0.931267      0.85
  1.13424 -0.930416      0.85
  1.13439 -0.929566      0.85
  1.13454 -0.928717      0.85
  1.13469 -0.927869      0.85
  1.13484 -0.927023      0.85
  1.13499 -0.926177      0.85
  1.13514 -0.925332      0.85
  1.13529 -0.924488      0.85
  1.13544 -0.923645      0.85
  1.13559 -0.922803      0.85
  1.13574 -0.921962      0.85
  1.13589 -0.921122      0.85
  1.13604 -0.920283      0.85
  1.13619 -0.919445      0.85
  1.13634 -0.918607      0.85
  1.13649 -0.917771      0.85
  1.13664 -0.916936      0.85
  1.13679 -0.916102      0.85
  1.13694 -0.915268      0.85
  1.13709 -0.914436      0.85
  1.13724 -0.913604      0.85
  1.13739 -0.912774      0.85
  1.13754 -0.911944      0.85
  1.13769 -0.911116      0.85
  1.13784 -0.910288      0.85
  1.13799 -0.909462      0.85
  1.13814 -0.908636      0.85
  1.13829 -0.907811      0.85
  1.13844 -0.906987      0.85
  1.13859 -0.906164      0.85
  1.13874 -0.905342      0.85
  1.13889 -0.904521      0.85
  1.13904 -0.903701      0.85
  1.13919 -0.902882      0.85
  1.13934 -0.902064      0.85
  1.13949 -0.901246      0.85
  1.13964  -0.90043      0.85
  1.13979 -0.899615      0.85
  1.13994   -0.8988      0.85
   1.1401 -0.897986      0.85
  1.14025 -0.897174      0.85
   1.1404 -0.896362      0.85
  1.14055 -0.895551      0.85
   1.1407 -0.894741      0.85
  1.14085 -0.893932      0.85
    1.141 -0.893124      0.85
  1.14115 -0.892317      0.85
   1.1413 -0.891511      0.85
  1.14145 -0.890706      0.85
   1.1416 -0.889902      0.85
  1.14175 -0.889098      0.85
   1.1419 -0.888296      0.85
  1.14205 -0.887494      0.85
   1.1422 -0.886693      0.85
  1.14235 -0.885893      0.85
   1.1425 -0.885095      0.85
  1.14265 -0.884297      0.85
   1.1428 -0.883499      0.85
  1.14295 -0.882703      0.85
   1.1431 -0.881908      0.85
  1.14325 -0.881114      0.85
   1.1434  -0.88032      0.85
  1.14355 -0.879528      0.85
   1.1437 -0.878736      0.85
  1.14385 -0.877945      0.85
    1.144 -0.877155      0.85
  1.14415 -0.876366      0.85
   1.1443 -0.875578      0.85
  1.14445 -0.874791      0.85
   1.1446 -0.874005      0.85
  1.14475 -0.873219      0.85
   1.1449 -0.872435      0.85
  1.14505 -0.871651      0.85
   1.1452 -0.870868      0.85
  1.14535 -0.870087      0.85
   1.1455 -0.869306      0.85
  1.14565 -0.868525      0.85
   1.1458 -0.867746      0.85
  1.14595 -0.866968      0.85
   1.1461  -0.86619      0.85
  1.14625 -0.865414      0.85
   1.1464 -0.864638      0.85
  1.14655 -0.863863      0.85
   1.1467 -0.863089      0.85
  1.14685 -0.862316      0.85
    1.147 -0.861544      0.85
  1.14715 -0.860773      0.85
   1.1473 -0.860002      0.85
  1.14745 -0.859233      0.85
   1.1476 -0.858464      0.85
  1.14775 -0.857696      0.85
   1.1479 -0.856929      0.85
  1.14805 -0.856163      0.85
   1.1482 -0.855398      0.85
  1.14835 -0.854633      0.85
   1.1485  -0.85387      0.85
  1.14865 -0.853107      0.85
   1.1488 -0.852345      0.85
  1.14895 -0.851584      0.85
   1.1491 -0.850824      0.85
  1.14925 -0.850065      0.85
   1.1494 -0.849306      0.85
  1.14955 -0.848549      0.85
   1.1497 -0.847792      0.85
  1.14985 -0.847036      0.85
     1.15 -0.846281      0.85