 kgrid  ValNew  Policy 
    0.85  -14.661 0.853302
 0.85015 -14.6486 0.853452
  0.8503 -14.6362 0.853452
 0.85045 -14.6238 0.853602
  0.8506 -14.6114 0.853752
 0.85075 -14.5991 0.853752
  0.8509 -14.5867 0.853902
0.851051 -14.5744 0.853902
0.851201 -14.5621 0.854052
0.851351 -14.5498 0.854052
0.851501 -14.5375 0.854202
0.851651 -14.5252 0.854202
0.851801  -14.513 0.854352
0.851951 -14.5007 0.854352
0.852101 -14.4885 0.854502
0.852251 -14.4762 0.854502
0.852401  -14.464 0.854652
0.852551 -14.4518 0.854652
0.852701 -14.4396 0.854802
0.852851 -14.4275 0.854802
0.853002 -14.4153 0.854952
0.853152 -14.4032 0.854952
0.853302  -14.391 0.855103
0.853452 -14.3789 0.855253
0.853602 -14.3668 0.855253
0.853752 -14.3547 0.855403
0.853902 -14.3426 0.855403
0.854052 -14.3306 0.855553
0.854202 -14.3185 0.855553
0.854352 -14.3065 0.855703
0.854502 -14.2944 0.855703
0.854652 -14.2824 0.855853
0.854802 -14.2704 0.855853
0.854952 -14.2584 0.856003
0.855103 -14.2465 0.856003
0.855253 -14.2345 0.856153
0.855403 -14.2225 0.856153
0.855553 -14.2106 0.856303
0.855703 -14.1987 0.856303
0.855853 -14.1868 0.856453
0.856003 -14.1749 0.856453
0.856153  -14.163 0.856603
0.856303 -14.1511 0.856603
0.856453 -14.1392 0.856753
0.856603 -14.1274 0.856903
0.856753 -14.1155 0.856903
0.856903 -14.1037 0.857054
0.857054 -14.0919 0.857054
0.857204 -14.0801 0.857204
0.857354 -14.0683 0.857204
0.857504 -14.0565 0.857354
0.857654 -14.0448 0.857354
0.857804  -14.033 0.857504
0.857954 -14.0213 0.857504
0.858104 -14.0096 0.857654
0.858254 -13.9979 0.857654
0.858404 -13.9862 0.857804
0.858554 -13.9745 0.857804
0.858704 -13.9628 0.857954
0.858854 -13.9511 0.857954
0.859005 -13.9395 0.858104
0.859155 -13.9279 0.858104
0.859305 -13.9162 0.858254
0.859455 -13.9046 0.858404
0.859605  -13.893 0.858404
0.859755 -13.8814 0.858554
0.859905 -13.8698 0.858554
0.860055 -13.8583 0.858704
0.860205 -13.8467 0.858704
0.860355 -13.8352 0.858854
0.860505 -13.8237 0.858854
0.860655 -13.8122 0.859005
0.860805 -13.8007 0.859005
0.860955 -13.7892 0.859155
0.861106 -13.7777 0.859155
0.861256 -13.7662 0.859305
0.861406 -13.7548 0.859305
0.861556 -13.7433 0.859455
0.861706 -13.7319 0.859455
0.861856 -13.7205 0.859605
0.862006 -13.7091 0.859605
0.862156 -13.6977 0.859755
0.862306 -13.6863 0.859755
0.862456 -13.6749 0.859905
0.862606 -13.6636 0.860055
0.862756 -13.6522 0.860055
0.862906 -13.6409 0.860205
0.863057 -13.6296 0.860205
0.863207 -13.6183 0.860355
0.863357  -13.607 0.860355
0.863507 -13.5957 0.860505
0.863657 -13.5844 0.860505
0.863807 -13.5732 0.860655
0.863957 -13.5619 0.860655
0.864107 -13.5507 0.860805
0.864257 -13.5394 0.860805
0.864407 -13.5282 0.860955
0.864557  -13.517 0.860955
0.864707 -13.5058 0.861106
0.864857 -13.4947 0.861106
0.865008 -13.4835 0.861256
0.865158 -13.4723 0.861256
0.865308 -13.4612 0.861406
0.865458 -13.4501 0.861556
0.865608 -13.4389 0.861556
0.865758 -13.4278 0.861706
0.865908 -13.4167 0.861706
0.866058 -13.4057 0.861856
0.866208 -13.3946 0.861856
0.866358 -13.3835 0.862006
0.866508 -13.3725 0.862006
0.866658 -13.3614 0.862156
0.866808 -13.3504 0.862156
0.866958 -13.3394 0.862306
0.867109 -13.3284 0.862306
0.867259 -13.3174 0.862456
0.867409 -13.3064 0.862456
0.867559 -13.2954 0.862606
0.867709 -13.2845 0.862606
0.867859 -13.2735 0.862756
0.868009 -13.2626 0.862756
0.868159 -13.2517 0.862906
0.868309 -13.2408 0.862906
0.868459 -13.2299 0.863057
0.868609  -13.219 0.863207
0.868759 -13.2081 0.863207
0.868909 -13.1972 0.863357
 0.86906 -13.1864 0.863357
 0.86921 -13.1755 0.863507
 0.86936 -13.1647 0.863507
 0.86951 -13.1539 0.863657
 0.86966 -13.1431 0.863657
 0.86981 -13.1323 0.863807
 0.86996 -13.1215 0.863807
 0.87011 -13.1107 0.863957
 0.87026    -13.1 0.863957
 0.87041 -13.0892 0.864107
 0.87056 -13.0785 0.864107
 0.87071 -13.0677 0.864257
 0.87086  -13.057 0.864257
0.871011 -13.0463 0.864407
0.871161 -13.0356 0.864407
0.871311 -13.0249 0.864557
0.871461 -13.0143 0.864557
0.871611 -13.0036 0.864707
0.871761  -12.993 0.864857
0.871911 -12.9823 0.864857
0.872061 -12.9717 0.865008
0.872211 -12.9611 0.865008
0.872361 -12.9505 0.865158
0.872511 -12.9399 0.865158
0.872661 -12.9293 0.865308
0.872811 -12.9187 0.865308
0.872961 -12.9081 0.865458
0.873112 -12.8976 0.865458
0.873262  -12.887 0.865608
0.873412 -12.8765 0.865608
0.873562  -12.866 0.865758
0.873712 -12.8555 0.865758
0.873862  -12.845 0.865908
0.874012 -12.8345 0.865908
0.874162  -12.824 0.866058
0.874312 -12.8136 0.866058
0.874462 -12.8031 0.866208
0.874612 -12.7927 0.866358
0.874762 -12.7822 0.866358
0.874912 -12.7718 0.866508
0.875063 -12.7614 0.866508
0.875213  -12.751 0.866658
0.875363 -12.7406 0.866658
0.875513 -12.7302 0.866808
0.875663 -12.7199 0.866808
0.875813 -12.7095 0.866958
0.875963 -12.6992 0.866958
0.876113 -12.6888 0.867109
0.876263 -12.6785 0.867109
0.876413 -12.6682 0.867259
0.876563 -12.6579 0.867259
0.876713 -12.6476 0.867409
0.876863 -12.6373 0.867409
0.877014  -12.627 0.867559
0.877164 -12.6168 0.867559
0.877314 -12.6065 0.867709
0.877464 -12.5963 0.867709
0.877614 -12.5861 0.867859
0.877764 -12.5758 0.868009
0.877914 -12.5656 0.868009
0.878064 -12.5554 0.868159
0.878214 -12.5453 0.868159
0.878364 -12.5351 0.868309
0.878514 -12.5249 0.868309
0.878664 -12.5148 0.868459
0.878814 -12.5046 0.868459
0.878964 -12.4945 0.868609
0.879115 -12.4844 0.868609
0.879265 -12.4742 0.868759
0.879415 -12.4641 0.868759
0.879565  -12.454 0.868909
0.879715  -12.444 0.868909
0.879865 -12.4339  0.86906
0.880015 -12.4238  0.86906
0.880165 -12.4138  0.86921
0.880315 -12.4037  0.86921
0.880465 -12.3937  0.86936
0.880615 -12.3837  0.86936
0.880765 -12.3737  0.86951
0.880915 -12.3637  0.86966
0.881066 -12.3537  0.86966
0.881216 -12.3437  0.86981
0.881366 -12.3337  0.86981
0.881516 -12.3238  0.86996
0.881666 -12.3138  0.86996
0.881816 -12.3039  0.87011
0.881966  -12.294  0.87011
0.882116 -12.2841  0.87026
0.882266 -12.2742  0.87026
0.882416 -12.2643  0.87041
0.882566 -12.2544  0.87041
0.882716 -12.2445  0.87056
0.882866 -12.2346  0.87056
0.883017 -12.2248  0.87071
0.883167 -12.2149  0.87071
0.883317 -12.2051  0.87086
0.883467 -12.1953  0.87086
0.883617 -12.1854 0.871011
0.883767 -12.1756 0.871011
0.883917 -12.1658 0.871161
0.884067 -12.1561 0.871311
0.884217 -12.1463 0.871311
0.884367 -12.1365 0.871461
0.884517 -12.1268 0.871461
0.884667  -12.117 0.871611
0.884817 -12.1073 0.871611
0.884967 -12.0976 0.871761
0.885118 -12.0878 0.871761
0.885268 -12.0781 0.871911
0.885418 -12.0684 0.871911
0.885568 -12.0588 0.872061
0.885718 -12.0491 0.872061
0.885868 -12.0394 0.872211
0.886018 -12.0298 0.872211
0.886168 -12.0201 0.872361
0.886318 -12.0105 0.872361
0.886468 -12.0008 0.872511
0.886618 -11.9912 0.872511
0.886768 -11.9816 0.872661
0.886918  -11.972 0.872661
0.887069 -11.9624 0.872811
0.887219 -11.9529 0.872961
0.887369 -11.9433 0.872961
0.887519 -11.9337 0.873112
0.887669 -11.9242 0.873112
0.887819 -11.9146 0.873262
0.887969 -11.9051 0.873262
0.888119 -11.8956 0.873412
0.888269 -11.8861 0.873412
0.888419 -11.8766 0.873562
0.888569 -11.8671 0.873562
0.888719 -11.8576 0.873712
0.888869 -11.8481 0.873712
 0.88902 -11.8387 0.873862
 0.88917 -11.8292 0.873862
 0.88932 -11.8198 0.874012
 0.88947 -11.8104 0.874012
 0.88962 -11.8009 0.874162
 0.88977 -11.7915 0.874162
 0.88992 -11.7821 0.874312
 0.89007 -11.7727 0.874312
 0.89022 -11.7633 0.874462
 0.89037  -11.754 0.874612
 0.89052 -11.7446 0.874612
 0.89067 -11.7352 0.874762
 0.89082 -11.7259 0.874762
 0.89097 -11.7166 0.874912
0.891121 -11.7072 0.874912
0.891271 -11.6979 0.875063
0.891421 -11.6886 0.875063
0.891571 -11.6793 0.875213
0.891721   -11.67 0.875213
0.891871 -11.6607 0.875363
0.892021 -11.6515 0.875363
0.892171 -11.6422 0.875513
0.892321 -11.6329 0.875513
0.892471 -11.6237 0.875663
0.892621 -11.6145 0.875663
0.892771 -11.6052 0.875813
0.892921  -11.596 0.875813
0.893072 -11.5868 0.875963
0.893222 -11.5776 0.875963
0.893372 -11.5684 0.876113
0.893522 -11.5593 0.876263
0.893672 -11.5501 0.876263
0.893822 -11.5409 0.876413
0.893972 -11.5318 0.876413
0.894122 -11.5226 0.876563
0.894272 -11.5135 0.876563
0.894422 -11.5044 0.876713
0.894572 -11.4953 0.876713
0.894722 -11.4862 0.876863
0.894872 -11.4771 0.876863
0.895023  -11.468 0.877014
0.895173 -11.4589 0.877014
0.895323 -11.4498 0.877164
0.895473 -11.4408 0.877164
0.895623 -11.4317 0.877314
0.895773 -11.4227 0.877314
0.895923 -11.4137 0.877464
0.896073 -11.4046 0.877464
0.896223 -11.3956 0.877614
0.896373 -11.3866 0.877614
0.896523 -11.3776 0.877764
0.896673 -11.3686 0.877914
0.896823 -11.3597 0.877914
0.896973 -11.3507 0.878064
0.897124 -11.3417 0.878064
0.897274 -11.3328 0.878214
0.897424 -11.3238 0.878214
0.897574 -11.3149 0.878364
0.897724  -11.306 0.878364
0.897874 -11.2971 0.878514
0.898024 -11.2882 0.878514
0.898174 -11.2793 0.878664
0.898324 -11.2704 0.878664
0.898474 -11.2615 0.878814
0.898624 -11.2526 0.878814
0.898774 -11.2438 0.878964
0.898924 -11.2349 0.878964
0.899075 -11.2261 0.879115
0.899225 -11.2173 0.879115
0.899375 -11.2084 0.879265
0.899525 -11.1996 0.879265
0.899675 -11.1908 0.879415
0.899825  -11.182 0.879565
0.899975 -11.1732 0.879565
0.900125 -11.1644 0.879715
0.900275 -11.1557 0.879715
0.900425 -11.1469 0.879865
0.900575 -11.1382 0.879865
0.900725 -11.1294 0.880015
0.900875 -11.1207 0.880015
0.901026 -11.1119 0.880165
0.901176 -11.1032 0.880165
0.901326 -11.0945 0.880315
0.901476 -11.0858 0.880315
0.901626 -11.0771 0.880465
0.901776 -11.0684 0.880465
0.901926 -11.0598 0.880615
0.902076 -11.0511 0.880615
0.902226 -11.0424 0.880765
0.902376 -11.0338 0.880765
0.902526 -11.0251 0.880915
0.902676 -11.0165 0.880915
0.902826 -11.0079 0.881066
0.902976 -10.9993 0.881216
0.903127 -10.9907 0.881216
0.903277 -10.9821 0.881366
0.903427 -10.9735 0.881366
0.903577 -10.9649 0.881516
0.903727 -10.9563 0.881516
0.903877 -10.9478 0.881666
0.904027 -10.9392 0.881666
0.904177 -10.9307 0.881816
0.904327 -10.9221 0.881816
0.904477 -10.9136 0.881966
0.904627 -10.9051 0.881966
0.904777 -10.8965 0.882116
0.904927  -10.888 0.882116
0.905078 -10.8795 0.882266
0.905228 -10.8711 0.882266
0.905378 -10.8626 0.882416
0.905528 -10.8541 0.882416
0.905678 -10.8456 0.882566
0.905828 -10.8372 0.882566
0.905978 -10.8287 0.882716
0.906128 -10.8203 0.882866
0.906278 -10.8119 0.882866
0.906428 -10.8035 0.883017
0.906578  -10.795 0.883017
0.906728 -10.7866 0.883167
0.906878 -10.7782 0.883167
0.907029 -10.7699 0.883317
0.907179 -10.7615 0.883317
0.907329 -10.7531 0.883467
0.907479 -10.7447 0.883467
0.907629 -10.7364 0.883617
0.907779  -10.728 0.883617
0.907929 -10.7197 0.883767
0.908079 -10.7114 0.883767
0.908229 -10.7031 0.883917
0.908379 -10.6947 0.883917
0.908529 -10.6864 0.884067
0.908679 -10.6781 0.884067
0.908829 -10.6699 0.884217
0.908979 -10.6616 0.884217
 0.90913 -10.6533 0.884367
 0.90928  -10.645 0.884517
 0.90943 -10.6368 0.884517
 0.90958 -10.6285 0.884667
 0.90973 -10.6203 0.884667
 0.90988 -10.6121 0.884817
 0.91003 -10.6038 0.884817
 0.91018 -10.5956 0.884967
 0.91033 -10.5874 0.884967
 0.91048 -10.5792 0.885118
 0.91063  -10.571 0.885118
 0.91078 -10.5628 0.885268
 0.91093 -10.5547 0.885268
0.911081 -10.5465 0.885418
0.911231 -10.5383 0.885418
0.911381 -10.5302 0.885568
0.911531 -10.5221 0.885568
0.911681 -10.5139 0.885718
0.911831 -10.5058 0.885718
0.911981 -10.4977 0.885868
0.912131 -10.4896 0.885868
0.912281 -10.4815 0.886018
0.912431 -10.4734 0.886018
0.912581 -10.4653 0.886168
0.912731 -10.4572 0.886318
0.912881 -10.4491 0.886318
0.913032 -10.4411 0.886468
0.913182  -10.433 0.886468
0.913332  -10.425 0.886618
0.913482 -10.4169 0.886618
0.913632 -10.4089 0.886768
0.913782 -10.4009 0.886768
0.913932 -10.3929 0.886918
0.914082 -10.3849 0.886918
0.914232 -10.3769 0.887069
0.914382 -10.3689 0.887069
0.914532 -10.3609 0.887219
0.914682 -10.3529 0.887219
0.914832 -10.3449 0.887369
0.914982  -10.337 0.887369
0.915133  -10.329 0.887519
0.915283 -10.3211 0.887519
0.915433 -10.3131 0.887669
0.915583 -10.3052 0.887669
0.915733 -10.2973 0.887819
0.915883 -10.2894 0.887969
0.916033 -10.2815 0.887969
0.916183 -10.2736 0.888119
0.916333 -10.2657 0.888119
0.916483 -10.2578 0.888269
0.916633 -10.2499 0.888269
0.916783 -10.2421 0.888419
0.916933 -10.2342 0.888419
0.917084 -10.2263 0.888569
0.917234 -10.2185 0.888569
0.917384 -10.2107 0.888719
0.917534 -10.2028 0.888719
0.917684  -10.195 0.888869
0.917834 -10.1872 0.888869
0.917984 -10.1794  0.88902
0.918134 -10.1716  0.88902
0.918284 -10.1638  0.88917
0.918434  -10.156  0.88917
0.918584 -10.1482  0.88932
0.918734 -10.1405  0.88932
0.918884 -10.1327  0.88947
0.919035  -10.125  0.88962
0.919185 -10.1172  0.88962
0.919335 -10.1095  0.88977
0.919485 -10.1017  0.88977
0.919635  -10.094  0.88992
0.919785 -10.0863  0.88992
0.919935 -10.0786  0.89007
0.920085 -10.0709  0.89007
0.920235 -10.0632  0.89022
0.920385 -10.0555  0.89022
0.920535 -10.0478  0.89037
0.920685 -10.0402  0.89037
0.920835 -10.0325  0.89052
0.920985 -10.0248  0.89052
0.921136 -10.0172  0.89067
0.921286 -10.0096  0.89067
0.921436 -10.0019  0.89082
0.921586  -9.9943  0.89082
0.921736 -9.98668  0.89097
0.921886 -9.97907  0.89097
0.922036 -9.97146 0.891121
0.922186 -9.96387 0.891121
0.922336 -9.95628 0.891271
0.922486  -9.9487 0.891421
0.922636 -9.94112 0.891421
0.922786 -9.93355 0.891571
0.922936 -9.92599 0.891571
0.923087 -9.91844 0.891721
0.923237  -9.9109 0.891721
0.923387 -9.90336 0.891871
0.923537 -9.89583 0.891871
0.923687  -9.8883 0.892021
0.923837 -9.88079 0.892021
0.923987 -9.87328 0.892171
0.924137 -9.86578 0.892171
0.924287 -9.85828 0.892321
0.924437  -9.8508 0.892321
0.924587 -9.84332 0.892471
0.924737 -9.83585 0.892471
0.924887 -9.82838 0.892621
0.925038 -9.82092 0.892621
0.925188 -9.81347 0.892771
0.925338 -9.80603 0.892771
0.925488 -9.79859 0.892921
0.925638 -9.79116 0.893072
0.925788 -9.78374 0.893072
0.925938 -9.77633 0.893222
0.926088 -9.76892 0.893222
0.926238 -9.76152 0.893372
0.926388 -9.75412 0.893372
0.926538 -9.74674 0.893522
0.926688 -9.73936 0.893522
0.926838 -9.73198 0.893672
0.926988 -9.72462 0.893672
0.927139 -9.71726 0.893822
0.927289 -9.70991 0.893822
0.927439 -9.70257 0.893972
0.927589 -9.69523 0.893972
0.927739  -9.6879 0.894122
0.927889 -9.68058 0.894122
0.928039 -9.67326 0.894272
0.928189 -9.66596 0.894272
0.928339 -9.65865 0.894422
0.928489 -9.65136 0.894422
0.928639 -9.64407 0.894572
0.928789 -9.63679 0.894722
0.928939 -9.62952 0.894722
 0.92909 -9.62225 0.894872
 0.92924 -9.61499 0.894872
 0.92939 -9.60774 0.895023
 0.92954 -9.60049 0.895023
 0.92969 -9.59325 0.895173
 0.92984 -9.58602 0.895173
 0.92999  -9.5788 0.895323
 0.93014 -9.57158 0.895323
 0.93029 -9.56437 0.895473
 0.93044 -9.55716 0.895473
 0.93059 -9.54997 0.895623
 0.93074 -9.54278 0.895623
 0.93089 -9.53559 0.895773
0.931041 -9.52842 0.895773
0.931191 -9.52125 0.895923
0.931341 -9.51409 0.895923
0.931491 -9.50693 0.896073
0.931641 -9.49978 0.896073
0.931791 -9.49264 0.896223
0.931941 -9.48551 0.896223
0.932091 -9.47837 0.896373
0.932241 -9.47126 0.896523
0.932391 -9.46414 0.896523
0.932541 -9.45703 0.896673
0.932691 -9.44993 0.896673
0.932841 -9.44284 0.896823
0.932991 -9.43575 0.896823
0.933142 -9.42867 0.896973
0.933292 -9.42159 0.896973
0.933442 -9.41453 0.897124
0.933592 -9.40746 0.897124
0.933742 -9.40041 0.897274
0.933892 -9.39336 0.897274
0.934042 -9.38632 0.897424
0.934192 -9.37929 0.897424
0.934342 -9.37226 0.897574
0.934492 -9.36524 0.897574
0.934642 -9.35823 0.897724
0.934792 -9.35122 0.897724
0.934942 -9.34422 0.897874
0.935093 -9.33723 0.897874
0.935243 -9.33024 0.898024
0.935393 -9.32326 0.898174
0.935543 -9.31629 0.898174
0.935693 -9.30932 0.898324
0.935843 -9.30236 0.898324
0.935993 -9.29541 0.898474
0.936143 -9.28846 0.898474
0.936293 -9.28152 0.898624
0.936443 -9.27458 0.898624
0.936593 -9.26766 0.898774
0.936743 -9.26074 0.898774
0.936893 -9.25382 0.898924
0.937044 -9.24691 0.898924
0.937194 -9.24001 0.899075
0.937344 -9.23312 0.899075
0.937494 -9.22623 0.899225
0.937644 -9.21935 0.899225
0.937794 -9.21247 0.899375
0.937944 -9.20561 0.899375
0.938094 -9.19874 0.899525
0.938244 -9.19189 0.899525
0.938394 -9.18504 0.899675
0.938544  -9.1782 0.899675
0.938694 -9.17136 0.899825
0.938844 -9.16453 0.899975
0.938994 -9.15771 0.899975
0.939145 -9.15089 0.900125
0.939295 -9.14408 0.900125
0.939445 -9.13728 0.900275
0.939595 -9.13048 0.900275
0.939745 -9.12369 0.900425
0.939895 -9.11691 0.900425
0.940045 -9.11013 0.900575
0.940195 -9.10336 0.900575
0.940345 -9.09659 0.900725
0.940495 -9.08984 0.900725
0.940645 -9.08308 0.900875
0.940795 -9.07634 0.900875
0.940945  -9.0696 0.901026
0.941096 -9.06287 0.901026
0.941246 -9.05614 0.901176
0.941396 -9.04942 0.901176
0.941546  -9.0427 0.901326
0.941696   -9.036 0.901326
0.941846 -9.02929 0.901476
0.941996  -9.0226 0.901476
0.942146 -9.01591 0.901626
0.942296 -9.00923 0.901776
0.942446 -9.00255 0.901776
0.942596 -8.99588 0.901926
0.942746 -8.98922 0.901926
0.942896 -8.98256 0.902076
0.943047 -8.97591 0.902076
0.943197 -8.96927 0.902226
0.943347 -8.96263 0.902226
0.943497   -8.956 0.902376
0.943647 -8.94937 0.902376
0.943797 -8.94275 0.902526
0.943947 -8.93614 0.902526
0.944097 -8.92953 0.902676
0.944247 -8.92293 0.902676
0.944397 -8.91633 0.902826
0.944547 -8.90975 0.902826
0.944697 -8.90316 0.902976
0.944847 -8.89659 0.902976
0.944997 -8.89002 0.903127
0.945148 -8.88346 0.903127
0.945298  -8.8769 0.903277
0.945448 -8.87035 0.903427
0.945598  -8.8638 0.903427
0.945748 -8.85726 0.903577
0.945898 -8.85073 0.903577
0.946048  -8.8442 0.903727
0.946198 -8.83768 0.903727
0.946348 -8.83117 0.903877
0.946498 -8.82466 0.903877
0.946648 -8.81815 0.904027
0.946798 -8.81166 0.904027
0.946948 -8.80517 0.904177
0.947099 -8.79868 0.904177
0.947249  -8.7922 0.904327
0.947399 -8.78573 0.904327
0.947549 -8.77927 0.904477
0.947699 -8.77281 0.904477
0.947849 -8.76635 0.904627
0.947999 -8.75991 0.904627
0.948149 -8.75346 0.904777
0.948299 -8.74703 0.904777
0.948449  -8.7406 0.904927
0.948599 -8.73418 0.904927
0.948749 -8.72776 0.905078
0.948899 -8.72135 0.905228
 0.94905 -8.71494 0.905228
  0.9492 -8.70854 0.905378
 0.94935 -8.70215 0.905378
  0.9495 -8.69576 0.905528
 0.94965 -8.68938 0.905528
  0.9498   -8.683 0.905678
 0.94995 -8.67663 0.905678
  0.9501 -8.67027 0.905828
 0.95025 -8.66391 0.905828
  0.9504 -8.65756 0.905978
 0.95055 -8.65121 0.905978
  0.9507 -8.64487 0.906128
 0.95085 -8.63854 0.906128
0.951001 -8.63221 0.906278
0.951151 -8.62589 0.906278
0.951301 -8.61957 0.906428
0.951451 -8.61326 0.906428
0.951601 -8.60695 0.906578
0.951751 -8.60065 0.906578
0.951901 -8.59436 0.906728
0.952051 -8.58807 0.906728
0.952201 -8.58179 0.906878
0.952351 -8.57552 0.907029
0.952501 -8.56925 0.907029
0.952651 -8.56298 0.907179
0.952801 -8.55672 0.907179
0.952951 -8.55047 0.907329
0.953102 -8.54423 0.907329
0.953252 -8.53799 0.907479
0.953402 -8.53175 0.907479
0.953552 -8.52552 0.907629
0.953702  -8.5193 0.907629
0.953852 -8.51308 0.907779
0.954002 -8.50687 0.907779
0.954152 -8.50066 0.907929
0.954302 -8.49446 0.907929
0.954452 -8.48827 0.908079
0.954602 -8.48208 0.908079
0.954752  -8.4759 0.908229
0.954902 -8.46972 0.908229
0.955053 -8.46355 0.908379
0.955203 -8.45738 0.908379
0.955353 -8.45122 0.908529
0.955503 -8.44507 0.908529
0.955653 -8.43892 0.908679
0.955803 -8.43278 0.908829
0.955953 -8.42664 0.908829
0.956103 -8.42051 0.908979
0.956253 -8.41438 0.908979
0.956403 -8.40826  0.90913
0.956553 -8.40215  0.90913
0.956703 -8.39604  0.90928
0.956853 -8.38993  0.90928
0.957004 -8.38384  0.90943
0.957154 -8.37775  0.90943
0.957304 -8.37166  0.90958
0.957454 -8.36558  0.90958
0.957604  -8.3595  0.90973
0.957754 -8.35343  0.90973
0.957904 -8.34737  0.90988
0.958054 -8.34131  0.90988
0.958204 -8.33526  0.91003
0.958354 -8.32921  0.91003
0.958504 -8.32317  0.91018
0.958654 -8.31714  0.91018
0.958804  -8.3111  0.91033
0.958954 -8.30508  0.91033
0.959105 -8.29906  0.91048
0.959255 -8.29305  0.91063
0.959405 -8.28704  0.91063
0.959555 -8.28104  0.91078
0.959705 -8.27504  0.91078
0.959855 -8.26905  0.91093
0.960005 -8.26306  0.91093
0.960155 -8.25708 0.911081
0.960305 -8.25111 0.911081
0.960455 -8.24514 0.911231
0.960605 -8.23917 0.911231
0.960755 -8.23321 0.911381
0.960905 -8.22726 0.911381
0.961056 -8.22131 0.911531
0.961206 -8.21537 0.911531
0.961356 -8.20944 0.911681
0.961506  -8.2035 0.911681
0.961656 -8.19758 0.911831
0.961806 -8.19166 0.911831
0.961956 -8.18574 0.911981
0.962106 -8.17984 0.911981
0.962256 -8.17393 0.912131
0.962406 -8.16803 0.912131
0.962556 -8.16214 0.912281
0.962706 -8.15625 0.912431
0.962856 -8.15037 0.912431
0.963007 -8.14449 0.912581
0.963157 -8.13862 0.912581
0.963307 -8.13276 0.912731
0.963457 -8.12689 0.912731
0.963607 -8.12104 0.912881
0.963757 -8.11519 0.912881
0.963907 -8.10934 0.913032
0.964057  -8.1035 0.913032
0.964207 -8.09767 0.913182
0.964357 -8.09184 0.913182
0.964507 -8.08602 0.913332
0.964657  -8.0802 0.913332
0.964807 -8.07439 0.913482
0.964957 -8.06858 0.913482
0.965108 -8.06278 0.913632
0.965258 -8.05698 0.913632
0.965408 -8.05119 0.913782
0.965558 -8.04541 0.913782
0.965708 -8.03962 0.913932
0.965858 -8.03385 0.913932
0.966008 -8.02808 0.914082
0.966158 -8.02232 0.914232
0.966308 -8.01655 0.914232
0.966458  -8.0108 0.914382
0.966608 -8.00505 0.914382
0.966758 -7.99931 0.914532
0.966908 -7.99357 0.914532
0.967059 -7.98784 0.914682
0.967209 -7.98211 0.914682
0.967359 -7.97638 0.914832
0.967509 -7.97067 0.914832
0.967659 -7.96495 0.914982
0.967809 -7.95925 0.914982
0.967959 -7.95354 0.915133
0.968109 -7.94785 0.915133
0.968259 -7.94216 0.915283
0.968409 -7.93647 0.915283
0.968559 -7.93079 0.915433
0.968709 -7.92511 0.915433
0.968859 -7.91944 0.915583
 0.96901 -7.91378 0.915583
 0.96916 -7.90811 0.915733
 0.96931 -7.90246 0.915733
 0.96946 -7.89681 0.915883
 0.96961 -7.89116 0.916033
 0.96976 -7.88552 0.916033
 0.96991 -7.87989 0.916183
 0.97006 -7.87426 0.916183
 0.97021 -7.86863 0.916333
 0.97036 -7.86301 0.916333
 0.97051  -7.8574 0.916483
 0.97066 -7.85179 0.916483
 0.97081 -7.84619 0.916633
 0.97096 -7.84059 0.916633
0.971111 -7.83499 0.916783
0.971261  -7.8294 0.916783
0.971411 -7.82382 0.916933
0.971561 -7.81824 0.916933
0.971711 -7.81267 0.917084
0.971861  -7.8071 0.917084
0.972011 -7.80153 0.917234
0.972161 -7.79598 0.917234
0.972311 -7.79042 0.917384
0.972461 -7.78487 0.917384
0.972611 -7.77933 0.917534
0.972761 -7.77379 0.917534
0.972911 -7.76826 0.917684
0.973062 -7.76273 0.917834
0.973212 -7.75721 0.917834
0.973362 -7.75169 0.917984
0.973512 -7.74617 0.917984
0.973662 -7.74067 0.918134
0.973812 -7.73516 0.918134
0.973962 -7.72966 0.918284
0.974112 -7.72417 0.918284
0.974262 -7.71868 0.918434
0.974412  -7.7132 0.918434
0.974562 -7.70772 0.918584
0.974712 -7.70225 0.918584
0.974862 -7.69678 0.918734
0.975013 -7.69131 0.918734
0.975163 -7.68585 0.918884
0.975313  -7.6804 0.918884
0.975463 -7.67495 0.919035
0.975613 -7.66951 0.919035
0.975763 -7.66407 0.919185
0.975913 -7.65863 0.919185
0.976063  -7.6532 0.919335
0.976213 -7.64778 0.919335
0.976363 -7.64236 0.919485
0.976513 -7.63695 0.919635
0.976663 -7.63153 0.919635
0.976813 -7.62613 0.919785
0.976963 -7.62073 0.919785
0.977114 -7.61533 0.919935
0.977264 -7.60994 0.919935
0.977414 -7.60456 0.920085
0.977564 -7.59918 0.920085
0.977714  -7.5938 0.920235
0.977864 -7.58843 0.920235
0.978014 -7.58306 0.920385
0.978164  -7.5777 0.920385
0.978314 -7.57235 0.920535
0.978464 -7.56699 0.920535
0.978614 -7.56165 0.920685
0.978764 -7.55631 0.920685
0.978914 -7.55097 0.920835
0.979065 -7.54564 0.920835
0.979215 -7.54031 0.920985
0.979365 -7.53499 0.920985
0.979515 -7.52967 0.921136
0.979665 -7.52435 0.921136
0.979815 -7.51904 0.921286
0.979965 -7.51374 0.921436
0.980115 -7.50844 0.921436
0.980265 -7.50315 0.921586
0.980415 -7.49786 0.921586
0.980565 -7.49257 0.921736
0.980715 -7.48729 0.921736
0.980865 -7.48202 0.921886
0.981016 -7.47675 0.921886
0.981166 -7.47148 0.922036
0.981316 -7.46622 0.922036
0.981466 -7.46096 0.922186
0.981616 -7.45571 0.922186
0.981766 -7.45046 0.922336
0.981916 -7.44522 0.922336
0.982066 -7.43998 0.922486
0.982216 -7.43475 0.922486
0.982366 -7.42952 0.922636
0.982516  -7.4243 0.922636
0.982666 -7.41908 0.922786
0.982816 -7.41387 0.922786
0.982966 -7.40866 0.922936
0.983117 -7.40345 0.922936
0.983267 -7.39825 0.923087
0.983417 -7.39306 0.923237
0.983567 -7.38786 0.923237
0.983717 -7.38268 0.923387
0.983867  -7.3775 0.923387
0.984017 -7.37232 0.923537
0.984167 -7.36715 0.923537
0.984317 -7.36198 0.923687
0.984467 -7.35682 0.923687
0.984617 -7.35166 0.923837
0.984767  -7.3465 0.923837
0.984917 -7.34135 0.923987
0.985068 -7.33621 0.923987
0.985218 -7.33107 0.924137
0.985368 -7.32593 0.924137
0.985518  -7.3208 0.924287
0.985668 -7.31568 0.924287
0.985818 -7.31055 0.924437
0.985968 -7.30544 0.924437
0.986118 -7.30032 0.924587
0.986268 -7.29522 0.924587
0.986418 -7.29011 0.924737
0.986568 -7.28501 0.924737
0.986718 -7.27992 0.924887
0.986868 -7.27483 0.924887
0.987019 -7.26974 0.925038
0.987169 -7.26466 0.925188
0.987319 -7.25958 0.925188
0.987469 -7.25451 0.925338
0.987619 -7.24944 0.925338
0.987769 -7.24438 0.925488
0.987919 -7.23932 0.925488
0.988069 -7.23427 0.925638
0.988219 -7.22922 0.925638
0.988369 -7.22417 0.925788
0.988519 -7.21913 0.925788
0.988669  -7.2141 0.925938
0.988819 -7.20906 0.925938
0.988969 -7.20404 0.926088
 0.98912 -7.19902 0.926088
 0.98927   -7.194 0.926238
 0.98942 -7.18898 0.926238
 0.98957 -7.18397 0.926388
 0.98972 -7.17897 0.926388
 0.98987 -7.17397 0.926538
 0.99002 -7.16897 0.926538
 0.99017 -7.16398 0.926688
 0.99032 -7.15899 0.926688
 0.99047 -7.15401 0.926838
 0.99062 -7.14903 0.926988
 0.99077 -7.14406 0.926988
 0.99092 -7.13909 0.927139
0.991071 -7.13412 0.927139
0.991221 -7.12916 0.927289
0.991371 -7.12421 0.927289
0.991521 -7.11925 0.927439
0.991671 -7.11431 0.927439
0.991821 -7.10936 0.927589
0.991971 -7.10442 0.927589
0.992121 -7.09949 0.927739
0.992271 -7.09456 0.927739
0.992421 -7.08963 0.927889
0.992571 -7.08471 0.927889
0.992721 -7.07979 0.928039
0.992871 -7.07488 0.928039
0.993022 -7.06997 0.928189
0.993172 -7.06507 0.928189
0.993322 -7.06017 0.928339
0.993472 -7.05527 0.928339
0.993622 -7.05038 0.928489
0.993772  -7.0455 0.928489
0.993922 -7.04061 0.928639
0.994072 -7.03574 0.928789
0.994222 -7.03086 0.928789
0.994372 -7.02599 0.928939
0.994522 -7.02113 0.928939
0.994672 -7.01627  0.92909
0.994822 -7.01141  0.92909
0.994972 -7.00656  0.92924
0.995123 -7.00171  0.92924
0.995273 -6.99686  0.92939
0.995423 -6.99202  0.92939
0.995573 -6.98719  0.92954
0.995723 -6.98236  0.92954
0.995873 -6.97753  0.92969
0.996023 -6.97271  0.92969
0.996173 -6.96789  0.92984
0.996323 -6.96308  0.92984
0.996473 -6.95826  0.92999
0.996623 -6.95346  0.92999
0.996773 -6.94866  0.93014
0.996923 -6.94386  0.93014
0.997074 -6.93907  0.93029
0.997224 -6.93428  0.93029
0.997374 -6.92949  0.93044
0.997524 -6.92471  0.93044
0.997674 -6.91994  0.93059
0.997824 -6.91517  0.93074
0.997974  -6.9104  0.93074
0.998124 -6.90563  0.93089
0.998274 -6.90087  0.93089
0.998424 -6.89612 0.931041
0.998574 -6.89137 0.931041
0.998724 -6.88662 0.931191
0.998874 -6.88188 0.931191
0.999025 -6.87714 0.931341
0.999175  -6.8724 0.931341
0.999325 -6.86767 0.931491
0.999475 -6.86295 0.931491
0.999625 -6.85822 0.931641
0.999775 -6.85351 0.931641
0.999925 -6.84879 0.931791
 1.00008 -6.84408 0.931791
 1.00023 -6.83938 0.931941
 1.00038 -6.83468 0.931941
 1.00053 -6.82998 0.932091
 1.00068 -6.82529 0.932091
 1.00083  -6.8206 0.932241
 1.00098 -6.81591 0.932241
 1.00113 -6.81123 0.932391
 1.00128 -6.80655 0.932541
 1.00143 -6.80188 0.932541
 1.00158 -6.79721 0.932691
 1.00173 -6.79255 0.932691
 1.00188 -6.78789 0.932841
 1.00203 -6.78323 0.932841
 1.00218 -6.77858 0.932991
 1.00233 -6.77393 0.932991
 1.00248 -6.76928 0.933142
 1.00263 -6.76464 0.933142
 1.00278 -6.76001 0.933292
 1.00293 -6.75538 0.933292
 1.00308 -6.75075 0.933442
 1.00323 -6.74612 0.933442
 1.00338  -6.7415 0.933592
 1.00353 -6.73689 0.933592
 1.00368 -6.73227 0.933742
 1.00383 -6.72767 0.933742
 1.00398 -6.72306 0.933892
 1.00413 -6.71846 0.933892
 1.00428 -6.71387 0.934042
 1.00443 -6.70928 0.934042
 1.00458 -6.70469 0.934192
 1.00473  -6.7001 0.934192
 1.00488 -6.69552 0.934342
 1.00503 -6.69095 0.934492
 1.00518 -6.68637 0.934492
 1.00533 -6.68181 0.934642
 1.00548 -6.67724 0.934642
 1.00563 -6.67268 0.934792
 1.00578 -6.66812 0.934792
 1.00593 -6.66357 0.934942
 1.00608 -6.65902 0.934942
 1.00623 -6.65448 0.935093
 1.00638 -6.64994 0.935093
 1.00653  -6.6454 0.935243
 1.00668 -6.64087 0.935243
 1.00683 -6.63634 0.935393
 1.00698 -6.63182 0.935393
 1.00713  -6.6273 0.935543
 1.00728 -6.62278 0.935543
 1.00743 -6.61827 0.935693
 1.00758 -6.61376 0.935693
 1.00773 -6.60925 0.935843
 1.00788 -6.60475 0.935843
 1.00803 -6.60025 0.935993
 1.00818 -6.59576 0.935993
 1.00833 -6.59127 0.936143
 1.00848 -6.58679 0.936293
 1.00863  -6.5823 0.936293
 1.00878 -6.57783 0.936443
 1.00893 -6.57335 0.936443
 1.00908 -6.56888 0.936593
 1.00923 -6.56442 0.936593
 1.00938 -6.55995 0.936743
 1.00953 -6.55549 0.936743
 1.00968 -6.55104 0.936893
 1.00983 -6.54659 0.936893
 1.00998 -6.54214 0.937044
 1.01013  -6.5377 0.937044
 1.01028 -6.53326 0.937194
 1.01043 -6.52882 0.937194
 1.01058 -6.52439 0.937344
 1.01073 -6.51996 0.937344
 1.01088 -6.51554 0.937494
 1.01103 -6.51112 0.937494
 1.01118  -6.5067 0.937644
 1.01133 -6.50229 0.937644
 1.01148 -6.49788 0.937794
 1.01163 -6.49348 0.937794
 1.01178 -6.48908 0.937944
 1.01193 -6.48468 0.937944
 1.01208 -6.48029 0.938094
 1.01223  -6.4759 0.938244
 1.01238 -6.47151 0.938244
 1.01253 -6.46713 0.938394
 1.01268 -6.46275 0.938394
 1.01283 -6.45838 0.938544
 1.01298   -6.454 0.938544
 1.01313 -6.44964 0.938694
 1.01328 -6.44527 0.938694
 1.01343 -6.44091 0.938844
 1.01358 -6.43656 0.938844
 1.01373 -6.43221 0.938994
 1.01388 -6.42786 0.938994
 1.01403 -6.42351 0.939145
 1.01418 -6.41917 0.939145
 1.01433 -6.41483 0.939295
 1.01448  -6.4105 0.939295
 1.01463 -6.40617 0.939445
 1.01478 -6.40185 0.939445
 1.01493 -6.39752 0.939595
 1.01508  -6.3932 0.939595
 1.01523 -6.38889 0.939745
 1.01538 -6.38458 0.939745
 1.01553 -6.38027 0.939895
 1.01568 -6.37597 0.939895
 1.01583 -6.37167 0.940045
 1.01598 -6.36737 0.940195
 1.01613 -6.36308 0.940195
 1.01628 -6.35879 0.940345
 1.01643  -6.3545 0.940345
 1.01658 -6.35022 0.940495
 1.01673 -6.34594 0.940495
 1.01688 -6.34167 0.940645
 1.01703  -6.3374 0.940645
 1.01718 -6.33313 0.940795
 1.01733 -6.32887 0.940795
 1.01748 -6.32461 0.940945
 1.01763 -6.32035 0.940945
 1.01778  -6.3161 0.941096
 1.01793 -6.31185 0.941096
 1.01808 -6.30761 0.941246
 1.01823 -6.30336 0.941246
 1.01838 -6.29913 0.941396
 1.01853 -6.29489 0.941396
 1.01868 -6.29066 0.941546
 1.01883 -6.28644 0.941546
 1.01898 -6.28221 0.941696
 1.01913 -6.27799 0.941696
 1.01928 -6.27377 0.941846
 1.01943 -6.26956 0.941996
 1.01958 -6.26535 0.941996
 1.01973 -6.26115 0.942146
 1.01988 -6.25695 0.942146
 1.02004 -6.25275 0.942296
 1.02019 -6.24855 0.942296
 1.02034 -6.24436 0.942446
 1.02049 -6.24017 0.942446
 1.02064 -6.23599 0.942596
 1.02079 -6.23181 0.942596
 1.02094 -6.22763 0.942746
 1.02109 -6.22346 0.942746
 1.02124 -6.21929 0.942896
 1.02139 -6.21513 0.942896
 1.02154 -6.21096 0.943047
 1.02169  -6.2068 0.943047
 1.02184 -6.20265 0.943197
 1.02199  -6.1985 0.943197
 1.02214 -6.19435 0.943347
 1.02229  -6.1902 0.943347
 1.02244 -6.18606 0.943497
 1.02259 -6.18192 0.943497
 1.02274 -6.17779 0.943647
 1.02289 -6.17366 0.943647
 1.02304 -6.16953 0.943797
 1.02319 -6.16541 0.943947
 1.02334 -6.16129 0.943947
 1.02349 -6.15717 0.944097
 1.02364 -6.15306 0.944097
 1.02379 -6.14895 0.944247
 1.02394 -6.14484 0.944247
 1.02409 -6.14074 0.944397
 1.02424 -6.13664 0.944397
 1.02439 -6.13254 0.944547
 1.02454 -6.12845 0.944547
 1.02469 -6.12436 0.944697
 1.02484 -6.12028 0.944697
 1.02499 -6.11619 0.944847
 1.02514 -6.11212 0.944847
 1.02529 -6.10804 0.944997
 1.02544 -6.10397 0.944997
 1.02559  -6.0999 0.945148
 1.02574 -6.09584 0.945148
 1.02589 -6.09178 0.945298
 1.02604 -6.08772 0.945298
 1.02619 -6.08366 0.945448
 1.02634 -6.07961 0.945448
 1.02649 -6.07556 0.945598
 1.02664 -6.07152 0.945598
 1.02679 -6.06748 0.945748
 1.02694 -6.06344 0.945898
 1.02709 -6.05941 0.945898
 1.02724 -6.05538 0.946048
 1.02739 -6.05135 0.946048
 1.02754 -6.04733 0.946198
 1.02769 -6.04331 0.946198
 1.02784 -6.03929 0.946348
 1.02799 -6.03528 0.946348
 1.02814 -6.03127 0.946498
 1.02829 -6.02726 0.946498
 1.02844 -6.02326 0.946648
 1.02859 -6.01926 0.946648
 1.02874 -6.01526 0.946798
 1.02889 -6.01127 0.946798
 1.02904 -6.00728 0.946948
 1.02919 -6.00329 0.946948
 1.02934 -5.99931 0.947099
 1.02949 -5.99533 0.947099
 1.02964 -5.99135 0.947249
 1.02979 -5.98738 0.947249
 1.02994 -5.98341 0.947399
 1.03009 -5.97945 0.947399
 1.03024 -5.97548 0.947549
 1.03039 -5.97152 0.947549
 1.03054 -5.96757 0.947699
 1.03069 -5.96362 0.947849
 1.03084 -5.95966 0.947849
 1.03099 -5.95572 0.947999
 1.03114 -5.95178 0.947999
 1.03129 -5.94784 0.948149
 1.03144  -5.9439 0.948149
 1.03159 -5.93997 0.948299
 1.03174 -5.93604 0.948299
 1.03189 -5.93211 0.948449
 1.03204 -5.92819 0.948449
 1.03219 -5.92427 0.948599
 1.03234 -5.92035 0.948599
 1.03249 -5.91644 0.948749
 1.03264 -5.91253 0.948749
 1.03279 -5.90862 0.948899
 1.03294 -5.90472 0.948899
 1.03309 -5.90082  0.94905
 1.03324 -5.89692  0.94905
 1.03339 -5.89303   0.9492
 1.03354 -5.88914   0.9492
 1.03369 -5.88525  0.94935
 1.03384 -5.88137  0.94935
 1.03399 -5.87749   0.9495
 1.03414 -5.87361   0.9495
 1.03429 -5.86974  0.94965
 1.03444 -5.86587   0.9498
 1.03459   -5.862   0.9498
 1.03474 -5.85814  0.94995
 1.03489 -5.85428  0.94995
 1.03504 -5.85042   0.9501
 1.03519 -5.84656   0.9501
 1.03534 -5.84271  0.95025
 1.03549 -5.83886  0.95025
 1.03564 -5.83502   0.9504
 1.03579 -5.83118   0.9504
 1.03594 -5.82734  0.95055
 1.03609  -5.8235  0.95055
 1.03624 -5.81967   0.9507
 1.03639 -5.81584   0.9507
 1.03654 -5.81202  0.95085
 1.03669  -5.8082  0.95085
 1.03684 -5.80438 0.951001
 1.03699 -5.80056 0.951001
 1.03714 -5.79675 0.951151
 1.03729 -5.79294 0.951151
 1.03744 -5.78913 0.951301
 1.03759 -5.78533 0.951301
 1.03774 -5.78153 0.951451
 1.03789 -5.77773 0.951451
 1.03804 -5.77394 0.951601
 1.03819 -5.77015 0.951751
 1.03834 -5.76636 0.951751
 1.03849 -5.76258 0.951901
 1.03864  -5.7588 0.951901
 1.03879 -5.75502 0.952051
 1.03894 -5.75124 0.952051
 1.03909 -5.74747 0.952201
 1.03924  -5.7437 0.952201
 1.03939 -5.73994 0.952351
 1.03954 -5.73618 0.952351
 1.03969 -5.73242 0.952501
 1.03984 -5.72866 0.952501
 1.03999 -5.72491 0.952651
 1.04015 -5.72116 0.952651
  1.0403 -5.71741 0.952801
 1.04045 -5.71367 0.952801
  1.0406 -5.70993 0.952951
 1.04075 -5.70619 0.952951
  1.0409 -5.70246 0.953102
 1.04105 -5.69873 0.953102
  1.0412   -5.695 0.953252
 1.04135 -5.69128 0.953252
  1.0415 -5.68755 0.953402
 1.04165 -5.68384 0.953402
  1.0418 -5.68012 0.953552
 1.04195 -5.67641 0.953702
  1.0421  -5.6727 0.953702
 1.04225 -5.66899 0.953852
  1.0424 -5.66529 0.953852
 1.04255 -5.66159 0.954002
  1.0427 -5.65789 0.954002
 1.04285  -5.6542 0.954152
   1.043 -5.65051 0.954152
 1.04315 -5.64682 0.954302
  1.0433 -5.64314 0.954302
 1.04345 -5.63946 0.954452
  1.0436 -5.63578 0.954452
 1.04375  -5.6321 0.954602
  1.0439 -5.62843 0.954602
 1.04405 -5.62476 0.954752
  1.0442 -5.62109 0.954752
 1.04435 -5.61743 0.954902
  1.0445 -5.61377 0.954902
 1.04465 -5.61011 0.955053
  1.0448 -5.60646 0.955053
 1.04495 -5.60281 0.955203
  1.0451 -5.59916 0.955203
 1.04525 -5.59551 0.955353
  1.0454 -5.59187 0.955353
 1.04555 -5.58823 0.955503
  1.0457  -5.5846 0.955653
 1.04585 -5.58096 0.955653
   1.046 -5.57734 0.955803
 1.04615 -5.57371 0.955803
  1.0463 -5.57008 0.955953
 1.04645 -5.56646 0.955953
  1.0466 -5.56284 0.956103
 1.04675 -5.55923 0.956103
  1.0469 -5.55562 0.956253
 1.04705 -5.55201 0.956253
  1.0472  -5.5484 0.956403
 1.04735  -5.5448 0.956403
  1.0475  -5.5412 0.956553
 1.04765  -5.5376 0.956553
  1.0478 -5.53401 0.956703
 1.04795 -5.53042 0.956703
  1.0481 -5.52683 0.956853
 1.04825 -5.52324 0.956853
  1.0484 -5.51966 0.957004
 1.04855 -5.51608 0.957004
  1.0487  -5.5125 0.957154
 1.04885 -5.50893 0.957154
   1.049 -5.50536 0.957304
 1.04915 -5.50179 0.957304
  1.0493 -5.49823 0.957454
 1.04945 -5.49467 0.957604
  1.0496 -5.49111 0.957604
 1.04975 -5.48755 0.957754
  1.0499   -5.484 0.957754
 1.05005 -5.48045 0.957904
  1.0502  -5.4769 0.957904
 1.05035 -5.47336 0.958054
  1.0505 -5.46982 0.958054
 1.05065 -5.46628 0.958204
  1.0508 -5.46274 0.958204
 1.05095 -5.45921 0.958354
  1.0511 -5.45568 0.958354
 1.05125 -5.45215 0.958504
  1.0514 -5.44863 0.958504
 1.05155 -5.44511 0.958654
  1.0517 -5.44159 0.958654
 1.05185 -5.43808 0.958804
   1.052 -5.43456 0.958804
 1.05215 -5.43105 0.958954
  1.0523 -5.42755 0.958954
 1.05245 -5.42404 0.959105
  1.0526 -5.42054 0.959105
 1.05275 -5.41705 0.959255
  1.0529 -5.41355 0.959255
 1.05305 -5.41006 0.959405
  1.0532 -5.40657 0.959405
 1.05335 -5.40308 0.959555
  1.0535  -5.3996 0.959705
 1.05365 -5.39612 0.959705
  1.0538 -5.39264 0.959855
 1.05395 -5.38917 0.959855
  1.0541 -5.38569 0.960005
 1.05425 -5.38222 0.960005
  1.0544 -5.37876 0.960155
 1.05455 -5.37529 0.960155
  1.0547 -5.37183 0.960305
 1.05485 -5.36838 0.960305
   1.055 -5.36492 0.960455
 1.05515 -5.36147 0.960455
  1.0553 -5.35802 0.960605
 1.05545 -5.35457 0.960605
  1.0556 -5.35113 0.960755
 1.05575 -5.34769 0.960755
  1.0559 -5.34425 0.960905
 1.05605 -5.34081 0.960905
  1.0562 -5.33738 0.961056
 1.05635 -5.33395 0.961056
  1.0565 -5.33052 0.961206
 1.05665  -5.3271 0.961206
  1.0568 -5.32368 0.961356
 1.05695 -5.32026 0.961356
  1.0571 -5.31684 0.961506
 1.05725 -5.31343 0.961656
  1.0574 -5.31002 0.961656
 1.05755 -5.30662 0.961806
  1.0577 -5.30321 0.961806
 1.05785 -5.29981 0.961956
   1.058 -5.29641 0.961956
 1.05815 -5.29301 0.962106
  1.0583 -5.28962 0.962106
 1.05845 -5.28623 0.962256
  1.0586 -5.28284 0.962256
 1.05875 -5.27946 0.962406
  1.0589 -5.27607 0.962406
 1.05905 -5.27269 0.962556
  1.0592 -5.26932 0.962556
 1.05935 -5.26594 0.962706
  1.0595 -5.26257 0.962706
 1.05965  -5.2592 0.962856
  1.0598 -5.25584 0.962856
 1.05995 -5.25247 0.963007
 1.06011 -5.24911 0.963007
 1.06026 -5.24575 0.963157
 1.06041  -5.2424 0.963157
 1.06056 -5.23905 0.963307
 1.06071  -5.2357 0.963307
 1.06086 -5.23235 0.963457
 1.06101 -5.22901 0.963607
 1.06116 -5.22566 0.963607
 1.06131 -5.22233 0.963757
 1.06146 -5.21899 0.963757
 1.06161 -5.21566 0.963907
 1.06176 -5.21233 0.963907
 1.06191   -5.209 0.964057
 1.06206 -5.20567 0.964057
 1.06221 -5.20235 0.964207
 1.06236 -5.19903 0.964207
 1.06251 -5.19571 0.964357
 1.06266  -5.1924 0.964357
 1.06281 -5.18909 0.964507
 1.06296 -5.18578 0.964507
 1.06311 -5.18247 0.964657
 1.06326 -5.17917 0.964657
 1.06341 -5.17587 0.964807
 1.06356 -5.17257 0.964807
 1.06371 -5.16927 0.964957
 1.06386 -5.16598 0.964957
 1.06401 -5.16269 0.965108
 1.06416  -5.1594 0.965108
 1.06431 -5.15612 0.965258
 1.06446 -5.15284 0.965258
 1.06461 -5.14956 0.965408
 1.06476 -5.14628 0.965408
 1.06491   -5.143 0.965558
 1.06506 -5.13973 0.965708
 1.06521 -5.13646 0.965708
 1.06536  -5.1332 0.965858
 1.06551 -5.12993 0.965858
 1.06566 -5.12667 0.966008
 1.06581 -5.12341 0.966008
 1.06596 -5.12016 0.966158
 1.06611  -5.1169 0.966158
 1.06626 -5.11365 0.966308
 1.06641 -5.11041 0.966308
 1.06656 -5.10716 0.966458
 1.06671 -5.10392 0.966458
 1.06686 -5.10068 0.966608
 1.06701 -5.09744 0.966608
 1.06716 -5.09421 0.966758
 1.06731 -5.09097 0.966758
 1.06746 -5.08774 0.966908
 1.06761 -5.08452 0.966908
 1.06776 -5.08129 0.967059
 1.06791 -5.07807 0.967059
 1.06806 -5.07485 0.967209
 1.06821 -5.07164 0.967209
 1.06836 -5.06842 0.967359
 1.06851 -5.06521 0.967359
 1.06866   -5.062 0.967509
 1.06881 -5.05879 0.967659
 1.06896 -5.05559 0.967659
 1.06911 -5.05239 0.967809
 1.06926 -5.04919 0.967809
 1.06941   -5.046 0.967959
 1.06956  -5.0428 0.967959
 1.06971 -5.03961 0.968109
 1.06986 -5.03642 0.968109
 1.07001 -5.03324 0.968259
 1.07016 -5.03005 0.968259
 1.07031 -5.02687 0.968409
 1.07046 -5.02369 0.968409
 1.07061 -5.02052 0.968559
 1.07076 -5.01735 0.968559
 1.07091 -5.01418 0.968709
 1.07106 -5.01101 0.968709
 1.07121 -5.00784 0.968859
 1.07136 -5.00468 0.968859
 1.07151 -5.00152  0.96901
 1.07166 -4.99836  0.96901
 1.07181 -4.99521  0.96916
 1.07196 -4.99205  0.96916
 1.07211  -4.9889  0.96931
 1.07226 -4.98576  0.96931
 1.07241 -4.98261  0.96946
 1.07256 -4.97947  0.96946
 1.07271 -4.97633  0.96961
 1.07286 -4.97319  0.96976
 1.07301 -4.97006  0.96976
 1.07316 -4.96692  0.96991
 1.07331 -4.96379  0.96991
 1.07346 -4.96067  0.97006
 1.07361 -4.95754  0.97006
 1.07376 -4.95442  0.97021
 1.07391  -4.9513  0.97021
 1.07406 -4.94818  0.97036
 1.07421 -4.94507  0.97036
 1.07436 -4.94196  0.97051
 1.07451 -4.93885  0.97051
 1.07466 -4.93574  0.97066
 1.07481 -4.93263  0.97066
 1.07496 -4.92953  0.97081
 1.07511 -4.92643  0.97081
 1.07526 -4.92333  0.97096
 1.07541 -4.92024  0.97096
 1.07556 -4.91715 0.971111
 1.07571 -4.91406 0.971111
 1.07586 -4.91097 0.971261
 1.07601 -4.90788 0.971261
 1.07616  -4.9048 0.971411
 1.07631 -4.90172 0.971411
 1.07646 -4.89864 0.971561
 1.07661 -4.89557 0.971561
 1.07676 -4.89249 0.971711
 1.07691 -4.88942 0.971861
 1.07706 -4.88636 0.971861
 1.07721 -4.88329 0.972011
 1.07736 -4.88023 0.972011
 1.07751 -4.87717 0.972161
 1.07766 -4.87411 0.972161
 1.07781 -4.87105 0.972311
 1.07796   -4.868 0.972311
 1.07811 -4.86495 0.972461
 1.07826  -4.8619 0.972461
 1.07841 -4.85885 0.972611
 1.07856 -4.85581 0.972611
 1.07871 -4.85277 0.972761
 1.07886 -4.84973 0.972761
 1.07901 -4.84669 0.972911
 1.07916 -4.84366 0.972911
 1.07931 -4.84063 0.973062
 1.07946  -4.8376 0.973062
 1.07961 -4.83457 0.973212
 1.07976 -4.83155 0.973212
 1.07991 -4.82853 0.973362
 1.08007 -4.82551 0.973362
 1.08022 -4.82249 0.973512
 1.08037 -4.81948 0.973512
 1.08052 -4.81646 0.973662
 1.08067 -4.81345 0.973812
 1.08082 -4.81045 0.973812
 1.08097 -4.80744 0.973962
 1.08112 -4.80444 0.973962
 1.08127 -4.80144 0.974112
 1.08142 -4.79844 0.974112
 1.08157 -4.79544 0.974262
 1.08172 -4.79245 0.974262
 1.08187 -4.78946 0.974412
 1.08202 -4.78647 0.974412
 1.08217 -4.78349 0.974562
 1.08232  -4.7805 0.974562
 1.08247 -4.77752 0.974712
 1.08262 -4.77454 0.974712
 1.08277 -4.77157 0.974862
 1.08292 -4.76859 0.974862
 1.08307 -4.76562 0.975013
 1.08322 -4.76265 0.975013
 1.08337 -4.75968 0.975163
 1.08352 -4.75672 0.975163
 1.08367 -4.75376 0.975313
 1.08382  -4.7508 0.975313
 1.08397 -4.74784 0.975463
 1.08412 -4.74488 0.975463
 1.08427 -4.74193 0.975613
 1.08442 -4.73898 0.975613
 1.08457 -4.73603 0.975763
 1.08472 -4.73308 0.975913
 1.08487 -4.73014 0.975913
 1.08502  -4.7272 0.976063
 1.08517 -4.72426 0.976063
 1.08532 -4.72132 0.976213
 1.08547 -4.71839 0.976213
 1.08562 -4.71546 0.976363
 1.08577 -4.71253 0.976363
 1.08592  -4.7096 0.976513
 1.08607 -4.70667 0.976513
 1.08622 -4.70375 0.976663
 1.08637 -4.70083 0.976663
 1.08652 -4.69791 0.976813
 1.08667   -4.695 0.976813
 1.08682 -4.69208 0.976963
 1.08697 -4.68917 0.976963
 1.08712 -4.68626 0.977114
 1.08727 -4.68336 0.977114
 1.08742 -4.68045 0.977264
 1.08757 -4.67755 0.977264
 1.08772 -4.67465 0.977414
 1.08787 -4.67175 0.977414
 1.08802 -4.66886 0.977564
 1.08817 -4.66596 0.977564
 1.08832 -4.66307 0.977714
 1.08847 -4.66018 0.977714
 1.08862  -4.6573 0.977864
 1.08877 -4.65441 0.978014
 1.08892 -4.65153 0.978014
 1.08907 -4.64865 0.978164
 1.08922 -4.64577 0.978164
 1.08937  -4.6429 0.978314
 1.08952 -4.64003 0.978314
 1.08967 -4.63716 0.978464
 1.08982 -4.63429 0.978464
 1.08997 -4.63142 0.978614
 1.09012 -4.62856 0.978614
 1.09027  -4.6257 0.978764
 1.09042 -4.62284 0.978764
 1.09057 -4.61998 0.978914
 1.09072 -4.61713 0.978914
 1.09087 -4.61427 0.979065
 1.09102 -4.61142 0.979065
 1.09117 -4.60858 0.979215
 1.09132 -4.60573 0.979215
 1.09147 -4.60289 0.979365
 1.09162 -4.60005 0.979365
 1.09177 -4.59721 0.979515
 1.09192 -4.59437 0.979515
 1.09207 -4.59154 0.979665
 1.09222  -4.5887 0.979665
 1.09237 -4.58587 0.979815
 1.09252 -4.58305 0.979815
 1.09267 -4.58022 0.979965
 1.09282  -4.5774 0.980115
 1.09297 -4.57458 0.980115
 1.09312 -4.57176 0.980265
 1.09327 -4.56894 0.980265
 1.09342 -4.56613 0.980415
 1.09357 -4.56331 0.980415
 1.09372  -4.5605 0.980565
 1.09387  -4.5577 0.980565
 1.09402 -4.55489 0.980715
 1.09417 -4.55209 0.980715
 1.09432 -4.54928 0.980865
 1.09447 -4.54649 0.980865
 1.09462 -4.54369 0.981016
 1.09477 -4.54089 0.981016
 1.09492  -4.5381 0.981166
 1.09507 -4.53531 0.981166
 1.09522 -4.53252 0.981316
 1.09537 -4.52974 0.981316
 1.09552 -4.52695 0.981466
 1.09567 -4.52417 0.981466
 1.09582 -4.52139 0.981616
 1.09597 -4.51861 0.981616
 1.09612 -4.51584 0.981766
 1.09627 -4.51307 0.981766
 1.09642 -4.51029 0.981916
 1.09657 -4.50753 0.981916
 1.09672 -4.50476 0.982066
 1.09687   -4.502 0.982216
 1.09702 -4.49923 0.982216
 1.09717 -4.49647 0.982366
 1.09732 -4.49371 0.982366
 1.09747 -4.49096 0.982516
 1.09762  -4.4882 0.982516
 1.09777 -4.48545 0.982666
 1.09792  -4.4827 0.982666
 1.09807 -4.47996 0.982816
 1.09822 -4.47721 0.982816
 1.09837 -4.47447 0.982966
 1.09852 -4.47173 0.982966
 1.09867 -4.46899 0.983117
 1.09882 -4.46625 0.983117
 1.09897 -4.46352 0.983267
 1.09912 -4.46079 0.983267
 1.09927 -4.45806 0.983417
 1.09942 -4.45533 0.983417
 1.09957  -4.4526 0.983567
 1.09972 -4.44988 0.983567
 1.09987 -4.44716 0.983717
 1.10003 -4.44444 0.983717
 1.10018 -4.44172 0.983867
 1.10033 -4.43901 0.983867
 1.10048 -4.43629 0.984017
 1.10063 -4.43358 0.984017
 1.10078 -4.43087 0.984167
 1.10093 -4.42817 0.984317
 1.10108 -4.42546 0.984317
 1.10123 -4.42276 0.984467
 1.10138 -4.42006 0.984467
 1.10153 -4.41736 0.984617
 1.10168 -4.41466 0.984617
 1.10183 -4.41197 0.984767
 1.10198 -4.40928 0.984767
 1.10213 -4.40659 0.984917
 1.10228  -4.4039 0.984917
 1.10243 -4.40121 0.985068
 1.10258 -4.39853 0.985068
 1.10273 -4.39585 0.985218
 1.10288 -4.39317 0.985218
 1.10303 -4.39049 0.985368
 1.10318 -4.38781 0.985368
 1.10333 -4.38514 0.985518
 1.10348 -4.38247 0.985518
 1.10363  -4.3798 0.985668
 1.10378 -4.37713 0.985668
 1.10393 -4.37447 0.985818
 1.10408  -4.3718 0.985818
 1.10423 -4.36914 0.985968
 1.10438 -4.36648 0.985968
 1.10453 -4.36383 0.986118
 1.10468 -4.36117 0.986118
 1.10483 -4.35852 0.986268
 1.10498 -4.35587 0.986418
 1.10513 -4.35322 0.986418
 1.10528 -4.35057 0.986568
 1.10543 -4.34793 0.986568
 1.10558 -4.34528 0.986718
 1.10573 -4.34264 0.986718
 1.10588 -4.34001 0.986868
 1.10603 -4.33737 0.986868
 1.10618 -4.33473 0.987019
 1.10633  -4.3321 0.987019
 1.10648 -4.32947 0.987169
 1.10663 -4.32684 0.987169
 1.10678 -4.32422 0.987319
 1.10693 -4.32159 0.987319
 1.10708 -4.31897 0.987469
 1.10723 -4.31635 0.987469
 1.10738 -4.31373 0.987619
 1.10753 -4.31112 0.987619
 1.10768  -4.3085 0.987769
 1.10783 -4.30589 0.987769
 1.10798 -4.30328 0.987919
 1.10813 -4.30067 0.987919
 1.10828 -4.29806 0.988069
 1.10843 -4.29546 0.988069
 1.10858 -4.29286 0.988219
 1.10873 -4.29026 0.988219
 1.10888 -4.28766 0.988369
 1.10903 -4.28506 0.988519
 1.10918 -4.28247 0.988519
 1.10933 -4.27988 0.988669
 1.10948 -4.27729 0.988669
 1.10963  -4.2747 0.988819
 1.10978 -4.27211 0.988819
 1.10993 -4.26953 0.988969
 1.11008 -4.26695 0.988969
 1.11023 -4.26437  0.98912
 1.11038 -4.26179  0.98912
 1.11053 -4.25921  0.98927
 1.11068 -4.25664  0.98927
 1.11083 -4.25407  0.98942
 1.11098  -4.2515  0.98942
 1.11113 -4.24893  0.98957
 1.11128 -4.24636  0.98957
 1.11143  -4.2438  0.98972
 1.11158 -4.24123  0.98972
 1.11173 -4.23867  0.98987
 1.11188 -4.23612  0.98987
 1.11203 -4.23356  0.99002
 1.11218   -4.231  0.99002
 1.11233 -4.22845  0.99017
 1.11248  -4.2259  0.99017
 1.11263 -4.22335  0.99032
 1.11278 -4.22081  0.99032
 1.11293 -4.21826  0.99047
 1.11308 -4.21572  0.99062
 1.11323 -4.21318  0.99062
 1.11338 -4.21064  0.99077
 1.11353  -4.2081  0.99077
 1.11368 -4.20557  0.99092
 1.11383 -4.20303  0.99092
 1.11398  -4.2005 0.991071
 1.11413 -4.19797 0.991071
 1.11428 -4.19544 0.991221
 1.11443 -4.19292 0.991221
 1.11458  -4.1904 0.991371
 1.11473 -4.18787 0.991371
 1.11488 -4.18535 0.991521
 1.11503 -4.18284 0.991521
 1.11518 -4.18032 0.991671
 1.11533 -4.17781 0.991671
 1.11548  -4.1753 0.991821
 1.11563 -4.17279 0.991821
 1.11578 -4.17028 0.991971
 1.11593 -4.16777 0.991971
 1.11608 -4.16527 0.992121
 1.11623 -4.16277 0.992121
 1.11638 -4.16026 0.992271
 1.11653 -4.15777 0.992271
 1.11668 -4.15527 0.992421
 1.11683 -4.15278 0.992421
 1.11698 -4.15028 0.992571
 1.11713 -4.14779 0.992721
 1.11728  -4.1453 0.992721
 1.11743 -4.14282 0.992871
 1.11758 -4.14033 0.992871
 1.11773 -4.13785 0.993022
 1.11788 -4.13537 0.993022
 1.11803 -4.13289 0.993172
 1.11818 -4.13041 0.993172
 1.11833 -4.12793 0.993322
 1.11848 -4.12546 0.993322
 1.11863 -4.12299 0.993472
 1.11878 -4.12052 0.993472
 1.11893 -4.11805 0.993622
 1.11908 -4.11558 0.993622
 1.11923 -4.11312 0.993772
 1.11938 -4.11066 0.993772
 1.11953  -4.1082 0.993922
 1.11968 -4.10574 0.993922
 1.11983 -4.10328 0.994072
 1.11998 -4.10082 0.994072
 1.12014 -4.09837 0.994222
 1.12029 -4.09592 0.994222
 1.12044 -4.09347 0.994372
 1.12059 -4.09102 0.994372
 1.12074 -4.08858 0.994522
 1.12089 -4.08613 0.994522
 1.12104 -4.08369 0.994672
 1.12119 -4.08125 0.994822
 1.12134 -4.07881 0.994822
 1.12149 -4.07638 0.994972
 1.12164 -4.07394 0.994972
 1.12179 -4.07151 0.995123
 1.12194 -4.06908 0.995123
 1.12209 -4.06665 0.995273
 1.12224 -4.06422 0.995273
 1.12239  -4.0618 0.995423
 1.12254 -4.05937 0.995423
 1.12269 -4.05695 0.995573
 1.12284 -4.05453 0.995573
 1.12299 -4.05211 0.995723
 1.12314  -4.0497 0.995723
 1.12329 -4.04728 0.995873
 1.12344 -4.04487 0.995873
 1.12359 -4.04246 0.996023
 1.12374 -4.04005 0.996023
 1.12389 -4.03764 0.996173
 1.12404 -4.03524 0.996173
 1.12419 -4.03283 0.996323
 1.12434 -4.03043 0.996323
 1.12449 -4.02803 0.996473
 1.12464 -4.02564 0.996473
 1.12479 -4.02324 0.996623
 1.12494 -4.02085 0.996623
 1.12509 -4.01845 0.996773
 1.12524 -4.01606 0.996773
 1.12539 -4.01367 0.996923
 1.12554 -4.01129 0.997074
 1.12569  -4.0089 0.997074
 1.12584 -4.00652 0.997224
 1.12599 -4.00414 0.997224
 1.12614 -4.00176 0.997374
 1.12629 -3.99938 0.997374
 1.12644   -3.997 0.997524
 1.12659 -3.99463 0.997524
 1.12674 -3.99225 0.997674
 1.12689 -3.98988 0.997674
 1.12704 -3.98751 0.997824
 1.12719 -3.98515 0.997824
 1.12734 -3.98278 0.997974
 1.12749 -3.98042 0.997974
 1.12764 -3.97806 0.998124
 1.12779  -3.9757 0.998124
 1.12794 -3.97334 0.998274
 1.12809 -3.97098 0.998274
 1.12824 -3.96863 0.998424
 1.12839 -3.96627 0.998424
 1.12854 -3.96392 0.998574
 1.12869 -3.96157 0.998574
 1.12884 -3.95922 0.998724
 1.12899 -3.95688 0.998724
 1.12914 -3.95453 0.998874
 1.12929 -3.95219 0.998874
 1.12944 -3.94985 0.999025
 1.12959 -3.94751 0.999175
 1.12974 -3.94517 0.999175
 1.12989 -3.94284 0.999325
 1.13004  -3.9405 0.999325
 1.13019 -3.93817 0.999475
 1.13034 -3.93584 0.999475
 1.13049 -3.93351 0.999625
 1.13064 -3.93119 0.999625
 1.13079 -3.92886 0.999775
 1.13094 -3.92654 0.999775
 1.13109 -3.92422 0.999925
 1.13124  -3.9219 0.999925
 1.13139 -3.91958  1.00008
 1.13154 -3.91726  1.00008
 1.13169 -3.91495  1.00023
 1.13184 -3.91264  1.00023
 1.13199 -3.91033  1.00038
 1.13214 -3.90802  1.00038
 1.13229 -3.90571  1.00053
 1.13244  -3.9034  1.00053
 1.13259  -3.9011  1.00068
 1.13274  -3.8988  1.00068
 1.13289  -3.8965  1.00083
 1.13304  -3.8942  1.00083
 1.13319  -3.8919  1.00098
 1.13334 -3.88961  1.00098
 1.13349 -3.88731  1.00113
 1.13364 -3.88502  1.00113
 1.13379 -3.88273  1.00128
 1.13394 -3.88044  1.00143
 1.13409 -3.87815  1.00143
 1.13424 -3.87587  1.00158
 1.13439 -3.87359  1.00158
 1.13454  -3.8713  1.00173
 1.13469 -3.86902  1.00173
 1.13484 -3.86675  1.00188
 1.13499 -3.86447  1.00188
 1.13514 -3.86219  1.00203
 1.13529 -3.85992  1.00203
 1.13544 -3.85765  1.00218
 1.13559 -3.85538  1.00218
 1.13574 -3.85311  1.00233
 1.13589 -3.85085  1.00233
 1.13604 -3.84858  1.00248
 1.13619 -3.84632  1.00248
 1.13634 -3.84406  1.00263
 1.13649  -3.8418  1.00263
 1.13664 -3.83954  1.00278
 1.13679 -3.83728  1.00278
 1.13694 -3.83503  1.00293
 1.13709 -3.83278  1.00293
 1.13724 -3.83052  1.00308
 1.13739 -3.82828  1.00308
 1.13754 -3.82603  1.00323
 1.13769 -3.82378  1.00323
 1.13784 -3.82154  1.00338
 1.13799 -3.81929  1.00353
 1.13814 -3.81705  1.00353
 1.13829 -3.81481  1.00368
 1.13844 -3.81258  1.00368
 1.13859 -3.81034  1.00383
 1.13874  -3.8081  1.00383
 1.13889 -3.80587  1.00398
 1.13904 -3.80364  1.00398
 1.13919 -3.80141  1.00413
 1.13934 -3.79918  1.00413
 1.13949 -3.79696  1.00428
 1.13964 -3.79473  1.00428
 1.13979 -3.79251  1.00443
 1.13994 -3.79029  1.00443
  1.1401 -3.78807  1.00458
 1.14025 -3.78585  1.00458
  1.1404 -3.78364  1.00473
 1.14055 -3.78142  1.00473
  1.1407 -3.77921  1.00488
 1.14085   -3.777  1.00488
   1.141 -3.77479  1.00503
 1.14115 -3.77258  1.00503
  1.1413 -3.77037  1.00518
 1.14145 -3.76817  1.00518
  1.1416 -3.76596  1.00533
 1.14175 -3.76376  1.00533
  1.1419 -3.76156  1.00548
 1.14205 -3.75937  1.00548
  1.1422 -3.75717  1.00563
 1.14235 -3.75497  1.00578
  1.1425 -3.75278  1.00578
 1.14265 -3.75059  1.00593
  1.1428  -3.7484  1.00593
 1.14295 -3.74621  1.00608
  1.1431 -3.74402  1.00608
 1.14325 -3.74184  1.00623
  1.1434 -3.73966  1.00623
 1.14355 -3.73747  1.00638
  1.1437 -3.73529  1.00638
 1.14385 -3.73311  1.00653
   1.144 -3.73094  1.00653
 1.14415 -3.72876  1.00668
  1.1443 -3.72659  1.00668
 1.14445 -3.72442  1.00683
  1.1446 -3.72225  1.00683
 1.14475 -3.72008  1.00698
  1.1449 -3.71791  1.00698
 1.14505 -3.71574  1.00713
  1.1452 -3.71358  1.00713
 1.14535 -3.71142  1.00728
  1.1455 -3.70926  1.00728
 1.14565  -3.7071  1.00743
  1.1458 -3.70494  1.00743
 1.14595 -3.70278  1.00758
  1.1461 -3.70063  1.00758
 1.14625 -3.69847  1.00773
  1.1464 -3.69632  1.00773
 1.14655 -3.69417  1.00788
  1.1467 -3.69203  1.00803
 1.14685 -3.68988  1.00803
   1.147 -3.68773  1.00818
 1.14715 -3.68559  1.00818
  1.1473 -3.68345  1.00833
 1.14745 -3.68131  1.00833
  1.1476 -3.67917  1.00848
 1.14775 -3.67703  1.00848
  1.1479  -3.6749  1.00863
 1.14805 -3.67276  1.00863
  1.1482 -3.67063  1.00878
 1.14835  -3.6685  1.00878
  1.1485 -3.66637  1.00893
 1.14865 -3.66424  1.00893
  1.1488 -3.66212  1.00908
 1.14895 -3.65999  1.00908
  1.1491 -3.65787  1.00923
 1.14925 -3.65575  1.00923
  1.1494 -3.65363  1.00938
 1.14955 -3.65151  1.00938
  1.1497 -3.64939  1.00953
 1.14985 -3.64728  1.00953
    1.15 -3.64516  1.00968