 kgrid  ValNew  Policy 
    0.85 -16.3882     0.85
 0.85015 -16.3729     0.85
  0.8503 -16.3576     0.85
 0.85045 -16.3424     0.85
  0.8506 -16.3271     0.85
 0.85075 -16.3119     0.85
  0.8509 -16.2968     0.85
0.851051 -16.2817     0.85
0.851201 -16.2666     0.85
0.851351 -16.2515     0.85
0.851501 -16.2364     0.85
0.851651 -16.2214     0.85
0.851801 -16.2065     0.85
0.851951 -16.1915     0.85
0.852101 -16.1766     0.85
0.852251 -16.1617     0.85
0.852401 -16.1469     0.85
0.852551 -16.1321     0.85
0.852701 -16.1173     0.85
0.852851 -16.1025     0.85
0.853002 -16.0878     0.85
0.853152 -16.0731     0.85
0.853302 -16.0584     0.85
0.853452 -16.0438     0.85
0.853602 -16.0292     0.85
0.853752 -16.0146     0.85
0.853902      -16     0.85
0.854052 -15.9855     0.85
0.854202  -15.971     0.85
0.854352 -15.9566     0.85
0.854502 -15.9422     0.85
0.854652 -15.9278     0.85
0.854802 -15.9134     0.85
0.854952  -15.899     0.85
0.855103 -15.8847     0.85
0.855253 -15.8705     0.85
0.855403 -15.8562     0.85
0.855553  -15.842     0.85
0.855703 -15.8278     0.85
0.855853 -15.8136     0.85
0.856003 -15.7995     0.85
0.856153 -15.7854     0.85
0.856303 -15.7713     0.85
0.856453 -15.7573     0.85
0.856603 -15.7433     0.85
0.856753 -15.7293     0.85
0.856903 -15.7153     0.85
0.857054 -15.7014     0.85
0.857204 -15.6875     0.85
0.857354 -15.6736     0.85
0.857504 -15.6597     0.85
0.857654 -15.6459     0.85
0.857804 -15.6321     0.85
0.857954 -15.6184     0.85
0.858104 -15.6046     0.85
0.858254 -15.5909     0.85
0.858404 -15.5772     0.85
0.858554 -15.5636     0.85
0.858704   -15.55     0.85
0.858854 -15.5364     0.85
0.859005 -15.5228     0.85
0.859155 -15.5093     0.85
0.859305 -15.4957     0.85
0.859455 -15.4823     0.85
0.859605 -15.4688     0.85
0.859755 -15.4554     0.85
0.859905  -15.442     0.85
0.860055 -15.4286     0.85
0.860205 -15.4152     0.85
0.860355 -15.4019     0.85
0.860505 -15.3886     0.85
0.860655 -15.3754     0.85
0.860805 -15.3621     0.85
0.860955 -15.3489     0.85
0.861106 -15.3357     0.85
0.861256 -15.3225     0.85
0.861406 -15.3094     0.85
0.861556 -15.2963     0.85
0.861706 -15.2832     0.85
0.861856 -15.2702     0.85
0.862006 -15.2571     0.85
0.862156 -15.2441     0.85
0.862306 -15.2312     0.85
0.862456 -15.2182     0.85
0.862606 -15.2053     0.85
0.862756 -15.1924     0.85
0.862906 -15.1795  0.85015
0.863057 -15.1666   0.8503
0.863207 -15.1537   0.8503
0.863357 -15.1409  0.85045
0.863507 -15.1281  0.85045
0.863657 -15.1152   0.8506
0.863807 -15.1024   0.8506
0.863957 -15.0896  0.85075
0.864107 -15.0769  0.85075
0.864257 -15.0641   0.8509
0.864407 -15.0513   0.8509
0.864557 -15.0386 0.851051
0.864707 -15.0259 0.851051
0.864857 -15.0132 0.851201
0.865008 -15.0005 0.851201
0.865158 -14.9878 0.851351
0.865308 -14.9751 0.851351
0.865458 -14.9625 0.851501
0.865608 -14.9498 0.851501
0.865758 -14.9372 0.851651
0.865908 -14.9246 0.851651
0.866058  -14.912 0.851801
0.866208 -14.8994 0.851801
0.866358 -14.8868 0.851951
0.866508 -14.8743 0.852101
0.866658 -14.8617 0.852101
0.866808 -14.8492 0.852251
0.866958 -14.8367 0.852251
0.867109 -14.8241 0.852401
0.867259 -14.8117 0.852401
0.867409 -14.7992 0.852551
0.867559 -14.7867 0.852551
0.867709 -14.7743 0.852701
0.867859 -14.7618 0.852701
0.868009 -14.7494 0.852851
0.868159  -14.737 0.852851
0.868309 -14.7246 0.853002
0.868459 -14.7122 0.853002
0.868609 -14.6998 0.853152
0.868759 -14.6874 0.853152
0.868909 -14.6751 0.853302
 0.86906 -14.6628 0.853302
 0.86921 -14.6504 0.853452
 0.86936 -14.6381 0.853452
 0.86951 -14.6258 0.853602
 0.86966 -14.6136 0.853602
 0.86981 -14.6013 0.853752
 0.86996  -14.589 0.853752
 0.87011 -14.5768 0.853902
 0.87026 -14.5646 0.854052
 0.87041 -14.5524 0.854052
 0.87056 -14.5402 0.854202
 0.87071  -14.528 0.854202
 0.87086 -14.5158 0.854352
0.871011 -14.5036 0.854352
0.871161 -14.4915 0.854502
0.871311 -14.4793 0.854502
0.871461 -14.4672 0.854652
0.871611 -14.4551 0.854652
0.871761  -14.443 0.854802
0.871911 -14.4309 0.854802
0.872061 -14.4188 0.854952
0.872211 -14.4068 0.854952
0.872361 -14.3947 0.855103
0.872511 -14.3827 0.855103
0.872661 -14.3707 0.855253
0.872811 -14.3587 0.855253
0.872961 -14.3467 0.855403
0.873112 -14.3347 0.855403
0.873262 -14.3227 0.855553
0.873412 -14.3107 0.855553
0.873562 -14.2988 0.855703
0.873712 -14.2869 0.855853
0.873862 -14.2749 0.855853
0.874012  -14.263 0.856003
0.874162 -14.2511 0.856003
0.874312 -14.2393 0.856153
0.874462 -14.2274 0.856153
0.874612 -14.2155 0.856303
0.874762 -14.2037 0.856303
0.874912 -14.1919 0.856453
0.875063   -14.18 0.856453
0.875213 -14.1682 0.856603
0.875363 -14.1564 0.856603
0.875513 -14.1447 0.856753
0.875663 -14.1329 0.856753
0.875813 -14.1211 0.856903
0.875963 -14.1094 0.856903
0.876113 -14.0976 0.857054
0.876263 -14.0859 0.857054
0.876413 -14.0742 0.857204
0.876563 -14.0625 0.857204
0.876713 -14.0508 0.857354
0.876863 -14.0392 0.857354
0.877014 -14.0275 0.857504
0.877164 -14.0159 0.857654
0.877314 -14.0042 0.857654
0.877464 -13.9926 0.857804
0.877614  -13.981 0.857804
0.877764 -13.9694 0.857954
0.877914 -13.9578 0.857954
0.878064 -13.9463 0.858104
0.878214 -13.9347 0.858104
0.878364 -13.9231 0.858254
0.878514 -13.9116 0.858254
0.878664 -13.9001 0.858404
0.878814 -13.8886 0.858404
0.878964 -13.8771 0.858554
0.879115 -13.8656 0.858554
0.879265 -13.8541 0.858704
0.879415 -13.8426 0.858704
0.879565 -13.8312 0.858854
0.879715 -13.8198 0.858854
0.879865 -13.8083 0.859005
0.880015 -13.7969 0.859005
0.880165 -13.7855 0.859155
0.880315 -13.7741 0.859155
0.880465 -13.7627 0.859305
0.880615 -13.7514 0.859305
0.880765   -13.74 0.859455
0.880915 -13.7287 0.859605
0.881066 -13.7173 0.859605
0.881216  -13.706 0.859755
0.881366 -13.6947 0.859755
0.881516 -13.6834 0.859905
0.881666 -13.6721 0.859905
0.881816 -13.6609 0.860055
0.881966 -13.6496 0.860055
0.882116 -13.6384 0.860205
0.882266 -13.6271 0.860205
0.882416 -13.6159 0.860355
0.882566 -13.6047 0.860355
0.882716 -13.5935 0.860505
0.882866 -13.5823 0.860505
0.883017 -13.5711 0.860655
0.883167   -13.56 0.860655
0.883317 -13.5488 0.860805
0.883467 -13.5377 0.860805
0.883617 -13.5265 0.860955
0.883767 -13.5154 0.860955
0.883917 -13.5043 0.861106
0.884067 -13.4932 0.861106
0.884217 -13.4821 0.861256
0.884367 -13.4711 0.861406
0.884517   -13.46 0.861406
0.884667 -13.4489 0.861556
0.884817 -13.4379 0.861556
0.884967 -13.4269 0.861706
0.885118 -13.4159 0.861706
0.885268 -13.4049 0.861856
0.885418 -13.3939 0.861856
0.885568 -13.3829 0.862006
0.885718 -13.3719 0.862006
0.885868  -13.361 0.862156
0.886018   -13.35 0.862156
0.886168 -13.3391 0.862306
0.886318 -13.3281 0.862306
0.886468 -13.3172 0.862456
0.886618 -13.3063 0.862456
0.886768 -13.2954 0.862606
0.886918 -13.2846 0.862606
0.887069 -13.2737 0.862756
0.887219 -13.2628 0.862756
0.887369  -13.252 0.862906
0.887519 -13.2412 0.862906
0.887669 -13.2303 0.863057
0.887819 -13.2195 0.863057
0.887969 -13.2087 0.863207
0.888119  -13.198 0.863357
0.888269 -13.1872 0.863357
0.888419 -13.1764 0.863507
0.888569 -13.1657 0.863507
0.888719 -13.1549 0.863657
0.888869 -13.1442 0.863657
 0.88902 -13.1335 0.863807
 0.88917 -13.1227 0.863807
 0.88932  -13.112 0.863957
 0.88947 -13.1014 0.863957
 0.88962 -13.0907 0.864107
 0.88977   -13.08 0.864107
 0.88992 -13.0694 0.864257
 0.89007 -13.0587 0.864257
 0.89022 -13.0481 0.864407
 0.89037 -13.0375 0.864407
 0.89052 -13.0269 0.864557
 0.89067 -13.0163 0.864557
 0.89082 -13.0057 0.864707
 0.89097 -12.9951 0.864707
0.891121 -12.9845 0.864857
0.891271  -12.974 0.864857
0.891421 -12.9634 0.865008
0.891571 -12.9529 0.865158
0.891721 -12.9424 0.865158
0.891871 -12.9319 0.865308
0.892021 -12.9214 0.865308
0.892171 -12.9109 0.865458
0.892321 -12.9004 0.865458
0.892471 -12.8899 0.865608
0.892621 -12.8795 0.865608
0.892771  -12.869 0.865758
0.892921 -12.8586 0.865758
0.893072 -12.8481 0.865908
0.893222 -12.8377 0.865908
0.893372 -12.8273 0.866058
0.893522 -12.8169 0.866058
0.893672 -12.8066 0.866208
0.893822 -12.7962 0.866208
0.893972 -12.7858 0.866358
0.894122 -12.7755 0.866358
0.894272 -12.7651 0.866508
0.894422 -12.7548 0.866508
0.894572 -12.7445 0.866658
0.894722 -12.7342 0.866658
0.894872 -12.7239 0.866808
0.895023 -12.7136 0.866808
0.895173 -12.7033 0.866958
0.895323 -12.6931 0.867109
0.895473 -12.6828 0.867109
0.895623 -12.6726 0.867259
0.895773 -12.6623 0.867259
0.895923 -12.6521 0.867409
0.896073 -12.6419 0.867409
0.896223 -12.6317 0.867559
0.896373 -12.6215 0.867559
0.896523 -12.6113 0.867709
0.896673 -12.6011 0.867709
0.896823  -12.591 0.867859
0.896973 -12.5808 0.867859
0.897124 -12.5707 0.868009
0.897274 -12.5606 0.868009
0.897424 -12.5504 0.868159
0.897574 -12.5403 0.868159
0.897724 -12.5302 0.868309
0.897874 -12.5201 0.868309
0.898024 -12.5101 0.868459
0.898174    -12.5 0.868459
0.898324 -12.4899 0.868609
0.898474 -12.4799 0.868609
0.898624 -12.4699 0.868759
0.898774 -12.4598 0.868909
0.898924 -12.4498 0.868909
0.899075 -12.4398  0.86906
0.899225 -12.4298  0.86906
0.899375 -12.4198  0.86921
0.899525 -12.4098  0.86921
0.899675 -12.3999  0.86936
0.899825 -12.3899  0.86936
0.899975   -12.38  0.86951
0.900125 -12.3701  0.86951
0.900275 -12.3601  0.86966
0.900425 -12.3502  0.86966
0.900575 -12.3403  0.86981
0.900725 -12.3304  0.86981
0.900875 -12.3205  0.86996
0.901026 -12.3107  0.86996
0.901176 -12.3008  0.87011
0.901326 -12.2909  0.87011
0.901476 -12.2811  0.87026
0.901626 -12.2713  0.87026
0.901776 -12.2614  0.87041
0.901926 -12.2516  0.87041
0.902076 -12.2418  0.87056
0.902226  -12.232  0.87056
0.902376 -12.2222  0.87071
0.902526 -12.2125  0.87086
0.902676 -12.2027  0.87086
0.902826  -12.193 0.871011
0.902976 -12.1832 0.871011
0.903127 -12.1735 0.871161
0.903277 -12.1638 0.871161
0.903427  -12.154 0.871311
0.903577 -12.1443 0.871311
0.903727 -12.1346 0.871461
0.903877  -12.125 0.871461
0.904027 -12.1153 0.871611
0.904177 -12.1056 0.871611
0.904327  -12.096 0.871761
0.904477 -12.0863 0.871761
0.904627 -12.0767 0.871911
0.904777 -12.0671 0.871911
0.904927 -12.0574 0.872061
0.905078 -12.0478 0.872061
0.905228 -12.0382 0.872211
0.905378 -12.0286 0.872211
0.905528 -12.0191 0.872361
0.905678 -12.0095 0.872361
0.905828 -11.9999 0.872511
0.905978 -11.9904 0.872511
0.906128 -11.9809 0.872661
0.906278 -11.9713 0.872811
0.906428 -11.9618 0.872811
0.906578 -11.9523 0.872961
0.906728 -11.9428 0.872961
0.906878 -11.9333 0.873112
0.907029 -11.9238 0.873112
0.907179 -11.9144 0.873262
0.907329 -11.9049 0.873262
0.907479 -11.8954 0.873412
0.907629  -11.886 0.873412
0.907779 -11.8766 0.873562
0.907929 -11.8671 0.873562
0.908079 -11.8577 0.873712
0.908229 -11.8483 0.873712
0.908379 -11.8389 0.873862
0.908529 -11.8295 0.873862
0.908679 -11.8202 0.874012
0.908829 -11.8108 0.874012
0.908979 -11.8014 0.874162
 0.90913 -11.7921 0.874162
 0.90928 -11.7828 0.874312
 0.90943 -11.7734 0.874312
 0.90958 -11.7641 0.874462
 0.90973 -11.7548 0.874462
 0.90988 -11.7455 0.874612
 0.91003 -11.7362 0.874762
 0.91018 -11.7269 0.874762
 0.91033 -11.7177 0.874912
 0.91048 -11.7084 0.874912
 0.91063 -11.6991 0.875063
 0.91078 -11.6899 0.875063
 0.91093 -11.6807 0.875213
0.911081 -11.6714 0.875213
0.911231 -11.6622 0.875363
0.911381  -11.653 0.875363
0.911531 -11.6438 0.875513
0.911681 -11.6346 0.875513
0.911831 -11.6254 0.875663
0.911981 -11.6163 0.875663
0.912131 -11.6071 0.875813
0.912281  -11.598 0.875813
0.912431 -11.5888 0.875963
0.912581 -11.5797 0.875963
0.912731 -11.5706 0.876113
0.912881 -11.5614 0.876113
0.913032 -11.5523 0.876263
0.913182 -11.5432 0.876263
0.913332 -11.5341 0.876413
0.913482 -11.5251 0.876413
0.913632  -11.516 0.876563
0.913782 -11.5069 0.876713
0.913932 -11.4979 0.876713
0.914082 -11.4888 0.876863
0.914232 -11.4798 0.876863
0.914382 -11.4708 0.877014
0.914532 -11.4618 0.877014
0.914682 -11.4528 0.877164
0.914832 -11.4438 0.877164
0.914982 -11.4348 0.877314
0.915133 -11.4258 0.877314
0.915283 -11.4168 0.877464
0.915433 -11.4079 0.877464
0.915583 -11.3989 0.877614
0.915733   -11.39 0.877614
0.915883  -11.381 0.877764
0.916033 -11.3721 0.877764
0.916183 -11.3632 0.877914
0.916333 -11.3543 0.877914
0.916483 -11.3454 0.878064
0.916633 -11.3365 0.878064
0.916783 -11.3276 0.878214
0.916933 -11.3187 0.878214
0.917084 -11.3099 0.878364
0.917234  -11.301 0.878364
0.917384 -11.2922 0.878514
0.917534 -11.2833 0.878664
0.917684 -11.2745 0.878664
0.917834 -11.2657 0.878814
0.917984 -11.2569 0.878814
0.918134 -11.2481 0.878964
0.918284 -11.2393 0.878964
0.918434 -11.2305 0.879115
0.918584 -11.2217 0.879115
0.918734 -11.2129 0.879265
0.918884 -11.2042 0.879265
0.919035 -11.1954 0.879415
0.919185 -11.1867 0.879415
0.919335  -11.178 0.879565
0.919485 -11.1692 0.879565
0.919635 -11.1605 0.879715
0.919785 -11.1518 0.879715
0.919935 -11.1431 0.879865
0.920085 -11.1344 0.879865
0.920235 -11.1258 0.880015
0.920385 -11.1171 0.880015
0.920535 -11.1084 0.880165
0.920685 -11.0998 0.880165
0.920835 -11.0911 0.880315
0.920985 -11.0825 0.880315
0.921136 -11.0738 0.880465
0.921286 -11.0652 0.880615
0.921436 -11.0566 0.880615
0.921586  -11.048 0.880765
0.921736 -11.0394 0.880765
0.921886 -11.0308 0.880915
0.922036 -11.0222 0.880915
0.922186 -11.0137 0.881066
0.922336 -11.0051 0.881066
0.922486 -10.9966 0.881216
0.922636  -10.988 0.881216
0.922786 -10.9795 0.881366
0.922936  -10.971 0.881366
0.923087 -10.9624 0.881516
0.923237 -10.9539 0.881516
0.923387 -10.9454 0.881666
0.923537 -10.9369 0.881666
0.923687 -10.9284 0.881816
0.923837   -10.92 0.881816
0.923987 -10.9115 0.881966
0.924137  -10.903 0.881966
0.924287 -10.8946 0.882116
0.924437 -10.8861 0.882116
0.924587 -10.8777 0.882266
0.924737 -10.8693 0.882266
0.924887 -10.8609 0.882416
0.925038 -10.8525 0.882566
0.925188  -10.844 0.882566
0.925338 -10.8357 0.882716
0.925488 -10.8273 0.882716
0.925638 -10.8189 0.882866
0.925788 -10.8105 0.882866
0.925938 -10.8022 0.883017
0.926088 -10.7938 0.883017
0.926238 -10.7855 0.883167
0.926388 -10.7771 0.883167
0.926538 -10.7688 0.883317
0.926688 -10.7605 0.883317
0.926838 -10.7522 0.883467
0.926988 -10.7439 0.883467
0.927139 -10.7356 0.883617
0.927289 -10.7273 0.883617
0.927439  -10.719 0.883767
0.927589 -10.7107 0.883767
0.927739 -10.7025 0.883917
0.927889 -10.6942 0.883917
0.928039  -10.686 0.884067
0.928189 -10.6777 0.884067
0.928339 -10.6695 0.884217
0.928489 -10.6613 0.884217
0.928639 -10.6531 0.884367
0.928789 -10.6449 0.884517
0.928939 -10.6367 0.884517
 0.92909 -10.6285 0.884667
 0.92924 -10.6203 0.884667
 0.92939 -10.6121 0.884817
 0.92954 -10.6039 0.884817
 0.92969 -10.5958 0.884967
 0.92984 -10.5876 0.884967
 0.92999 -10.5795 0.885118
 0.93014 -10.5714 0.885118
 0.93029 -10.5632 0.885268
 0.93044 -10.5551 0.885268
 0.93059  -10.547 0.885418
 0.93074 -10.5389 0.885418
 0.93089 -10.5308 0.885568
0.931041 -10.5227 0.885568
0.931191 -10.5146 0.885718
0.931341 -10.5066 0.885718
0.931491 -10.4985 0.885868
0.931641 -10.4905 0.885868
0.931791 -10.4824 0.886018
0.931941 -10.4744 0.886018
0.932091 -10.4663 0.886168
0.932241 -10.4583 0.886168
0.932391 -10.4503 0.886318
0.932541 -10.4423 0.886468
0.932691 -10.4343 0.886468
0.932841 -10.4263 0.886618
0.932991 -10.4183 0.886618
0.933142 -10.4103 0.886768
0.933292 -10.4024 0.886768
0.933442 -10.3944 0.886918
0.933592 -10.3864 0.886918
0.933742 -10.3785 0.887069
0.933892 -10.3706 0.887069
0.934042 -10.3626 0.887219
0.934192 -10.3547 0.887219
0.934342 -10.3468 0.887369
0.934492 -10.3389 0.887369
0.934642  -10.331 0.887519
0.934792 -10.3231 0.887519
0.934942 -10.3152 0.887669
0.935093 -10.3073 0.887669
0.935243 -10.2995 0.887819
0.935393 -10.2916 0.887819
0.935543 -10.2837 0.887969
0.935693 -10.2759 0.887969
0.935843 -10.2681 0.888119
0.935993 -10.2602 0.888119
0.936143 -10.2524 0.888269
0.936293 -10.2446 0.888419
0.936443 -10.2368 0.888419
0.936593  -10.229 0.888569
0.936743 -10.2212 0.888569
0.936893 -10.2134 0.888719
0.937044 -10.2056 0.888719
0.937194 -10.1979 0.888869
0.937344 -10.1901 0.888869
0.937494 -10.1823  0.88902
0.937644 -10.1746  0.88902
0.937794 -10.1668  0.88917
0.937944 -10.1591  0.88917
0.938094 -10.1514  0.88932
0.938244 -10.1437  0.88932
0.938394  -10.136  0.88947
0.938544 -10.1283  0.88947
0.938694 -10.1206  0.88962
0.938844 -10.1129  0.88962
0.938994 -10.1052  0.88977
0.939145 -10.0975  0.88977
0.939295 -10.0899  0.88992
0.939445 -10.0822  0.88992
0.939595 -10.0745  0.89007
0.939745 -10.0669  0.89007
0.939895 -10.0593  0.89022
0.940045 -10.0516  0.89022
0.940195  -10.044  0.89037
0.940345 -10.0364  0.89052
0.940495 -10.0288  0.89052
0.940645 -10.0212  0.89067
0.940795 -10.0136  0.89067
0.940945  -10.006  0.89082
0.941096 -9.99844  0.89082
0.941246 -9.99087  0.89097
0.941396  -9.9833  0.89097
0.941546 -9.97575 0.891121
0.941696  -9.9682 0.891121
0.941846 -9.96066 0.891271
0.941996 -9.95312 0.891271
0.942146  -9.9456 0.891421
0.942296 -9.93808 0.891421
0.942446 -9.93056 0.891571
0.942596 -9.92306 0.891571
0.942746 -9.91556 0.891721
0.942896 -9.90807 0.891721
0.943047 -9.90059 0.891871
0.943197 -9.89311 0.891871
0.943347 -9.88564 0.892021
0.943497 -9.87818 0.892021
0.943647 -9.87072 0.892171
0.943797 -9.86328 0.892171
0.943947 -9.85584 0.892321
0.944097 -9.84841 0.892471
0.944247 -9.84098 0.892471
0.944397 -9.83356 0.892621
0.944547 -9.82615 0.892621
0.944697 -9.81874 0.892771
0.944847 -9.81134 0.892771
0.944997 -9.80395 0.892921
0.945148 -9.79657 0.892921
0.945298 -9.78919 0.893072
0.945448 -9.78182 0.893072
0.945598 -9.77446 0.893222
0.945748  -9.7671 0.893222
0.945898 -9.75976 0.893372
0.946048 -9.75241 0.893372
0.946198 -9.74508 0.893522
0.946348 -9.73775 0.893522
0.946498 -9.73043 0.893672
0.946648 -9.72312 0.893672
0.946798 -9.71581 0.893822
0.946948 -9.70851 0.893822
0.947099 -9.70122 0.893972
0.947249 -9.69394 0.893972
0.947399 -9.68666 0.894122
0.947549 -9.67939 0.894122
0.947699 -9.67212 0.894272
0.947849 -9.66487 0.894272
0.947999 -9.65761 0.894422
0.948149 -9.65037 0.894572
0.948299 -9.64313 0.894572
0.948449  -9.6359 0.894722
0.948599 -9.62868 0.894722
0.948749 -9.62146 0.894872
0.948899 -9.61425 0.894872
 0.94905 -9.60705 0.895023
  0.9492 -9.59985 0.895023
 0.94935 -9.59267 0.895173
  0.9495 -9.58548 0.895173
 0.94965 -9.57831 0.895323
  0.9498 -9.57114 0.895323
 0.94995 -9.56398 0.895473
  0.9501 -9.55682 0.895473
 0.95025 -9.54968 0.895623
  0.9504 -9.54254 0.895623
 0.95055  -9.5354 0.895773
  0.9507 -9.52827 0.895773
 0.95085 -9.52115 0.895923
0.951001 -9.51404 0.895923
0.951151 -9.50693 0.896073
0.951301 -9.49983 0.896073
0.951451 -9.49274 0.896223
0.951601 -9.48565 0.896223
0.951751 -9.47857 0.896373
0.951901  -9.4715 0.896523
0.952051 -9.46443 0.896523
0.952201 -9.45737 0.896673
0.952351 -9.45032 0.896673
0.952501 -9.44327 0.896823
0.952651 -9.43623 0.896823
0.952801  -9.4292 0.896973
0.952951 -9.42217 0.896973
0.953102 -9.41515 0.897124
0.953252 -9.40814 0.897124
0.953402 -9.40113 0.897274
0.953552 -9.39413 0.897274
0.953702 -9.38714 0.897424
0.953852 -9.38015 0.897424
0.954002 -9.37317 0.897574
0.954152  -9.3662 0.897574
0.954302 -9.35923 0.897724
0.954452 -9.35227 0.897724
0.954602 -9.34531 0.897874
0.954752 -9.33837 0.897874
0.954902 -9.33143 0.898024
0.955053 -9.32449 0.898024
0.955203 -9.31756 0.898174
0.955353 -9.31065 0.898174
0.955503 -9.30373 0.898324
0.955653 -9.29682 0.898324
0.955803 -9.28992 0.898474
0.955953 -9.28303 0.898624
0.956103 -9.27614 0.898624
0.956253 -9.26926 0.898774
0.956403 -9.26238 0.898774
0.956553 -9.25551 0.898924
0.956703 -9.24865 0.898924
0.956853 -9.24179 0.899075
0.957004 -9.23494 0.899075
0.957154  -9.2281 0.899225
0.957304 -9.22126 0.899225
0.957454 -9.21443 0.899375
0.957604 -9.20761 0.899375
0.957754 -9.20079 0.899525
0.957904 -9.19398 0.899525
0.958054 -9.18718 0.899675
0.958204 -9.18038 0.899675
0.958354 -9.17359 0.899825
0.958504  -9.1668 0.899825
0.958654 -9.16002 0.899975
0.958804 -9.15325 0.899975
0.958954 -9.14648 0.900125
0.959105 -9.13972 0.900125
0.959255 -9.13297 0.900275
0.959405 -9.12622 0.900275
0.959555 -9.11948 0.900425
0.959705 -9.11275 0.900425
0.959855 -9.10602 0.900575
0.960005  -9.0993 0.900725
0.960155 -9.09258 0.900725
0.960305 -9.08587 0.900875
0.960455 -9.07917 0.900875
0.960605 -9.07247 0.901026
0.960755 -9.06578 0.901026
0.960905  -9.0591 0.901176
0.961056 -9.05242 0.901176
0.961206 -9.04575 0.901326
0.961356 -9.03908 0.901326
0.961506 -9.03242 0.901476
0.961656 -9.02577 0.901476
0.961806 -9.01912 0.901626
0.961956 -9.01248 0.901626
0.962106 -9.00585 0.901776
0.962256 -8.99922 0.901776
0.962406  -8.9926 0.901926
0.962556 -8.98599 0.901926
0.962706 -8.97937 0.902076
0.962856 -8.97277 0.902076
0.963007 -8.96617 0.902226
0.963157 -8.95959 0.902226
0.963307   -8.953 0.902376
0.963457 -8.94642 0.902376
0.963607 -8.93985 0.902526
0.963757 -8.93328 0.902676
0.963907 -8.92672 0.902676
0.964057 -8.92017 0.902826
0.964207 -8.91362 0.902826
0.964357 -8.90708 0.902976
0.964507 -8.90054 0.902976
0.964657 -8.89401 0.903127
0.964807 -8.88749 0.903127
0.964957 -8.88097 0.903277
0.965108 -8.87446 0.903277
0.965258 -8.86796 0.903427
0.965408 -8.86146 0.903427
0.965558 -8.85496 0.903577
0.965708 -8.84848 0.903577
0.965858 -8.84199 0.903727
0.966008 -8.83552 0.903727
0.966158 -8.82905 0.903877
0.966308 -8.82259 0.903877
0.966458 -8.81613 0.904027
0.966608 -8.80968 0.904027
0.966758 -8.80323 0.904177
0.966908  -8.7968 0.904177
0.967059 -8.79036 0.904327
0.967209 -8.78394 0.904327
0.967359 -8.77751 0.904477
0.967509  -8.7711 0.904477
0.967659 -8.76469 0.904627
0.967809 -8.75829 0.904777
0.967959 -8.75189 0.904777
0.968109  -8.7455 0.904927
0.968259 -8.73911 0.904927
0.968409 -8.73274 0.905078
0.968559 -8.72636 0.905078
0.968709 -8.71999 0.905228
0.968859 -8.71363 0.905228
 0.96901 -8.70728 0.905378
 0.96916 -8.70093 0.905378
 0.96931 -8.69458 0.905528
 0.96946 -8.68824 0.905528
 0.96961 -8.68191 0.905678
 0.96976 -8.67559 0.905678
 0.96991 -8.66927 0.905828
 0.97006 -8.66295 0.905828
 0.97021 -8.65664 0.905978
 0.97036 -8.65034 0.905978
 0.97051 -8.64404 0.906128
 0.97066 -8.63775 0.906128
 0.97081 -8.63146 0.906278
 0.97096 -8.62519 0.906278
0.971111 -8.61891 0.906428
0.971261 -8.61264 0.906428
0.971411 -8.60638 0.906578
0.971561 -8.60013 0.906578
0.971711 -8.59387 0.906728
0.971861 -8.58763 0.906878
0.972011 -8.58139 0.906878
0.972161 -8.57516 0.907029
0.972311 -8.56893 0.907029
0.972461 -8.56271 0.907179
0.972611 -8.55649 0.907179
0.972761 -8.55028 0.907329
0.972911 -8.54408 0.907329
0.973062 -8.53788 0.907479
0.973212 -8.53168 0.907479
0.973362  -8.5255 0.907629
0.973512 -8.51931 0.907629
0.973662 -8.51314 0.907779
0.973812 -8.50697 0.907779
0.973962  -8.5008 0.907929
0.974112 -8.49465 0.907929
0.974262 -8.48849 0.908079
0.974412 -8.48234 0.908079
0.974562  -8.4762 0.908229
0.974712 -8.47007 0.908229
0.974862 -8.46393 0.908379
0.975013 -8.45781 0.908379
0.975163 -8.45169 0.908529
0.975313 -8.44558 0.908529
0.975463 -8.43947 0.908679
0.975613 -8.43337 0.908679
0.975763 -8.42727 0.908829
0.975913 -8.42118 0.908979
0.976063 -8.41509 0.908979
0.976213 -8.40901  0.90913
0.976363 -8.40294  0.90913
0.976513 -8.39687  0.90928
0.976663  -8.3908  0.90928
0.976813 -8.38475  0.90943
0.976963 -8.37869  0.90943
0.977114 -8.37265  0.90958
0.977264 -8.36661  0.90958
0.977414 -8.36057  0.90973
0.977564 -8.35454  0.90973
0.977714 -8.34852  0.90988
0.977864  -8.3425  0.90988
0.978014 -8.33648  0.91003
0.978164 -8.33048  0.91003
0.978314 -8.32447  0.91018
0.978464 -8.31848  0.91018
0.978614 -8.31248  0.91033
0.978764  -8.3065  0.91033
0.978914 -8.30052  0.91048
0.979065 -8.29454  0.91048
0.979215 -8.28857  0.91063
0.979365 -8.28261  0.91063
0.979515 -8.27665  0.91078
0.979665  -8.2707  0.91078
0.979815 -8.26475  0.91093
0.979965 -8.25881 0.911081
0.980115 -8.25287 0.911081
0.980265 -8.24694 0.911231
0.980415 -8.24101 0.911231
0.980565 -8.23509 0.911381
0.980715 -8.22918 0.911381
0.980865 -8.22327 0.911531
0.981016 -8.21736 0.911531
0.981166 -8.21146 0.911681
0.981316 -8.20557 0.911681
0.981466 -8.19968 0.911831
0.981616  -8.1938 0.911831
0.981766 -8.18792 0.911981
0.981916 -8.18205 0.911981
0.982066 -8.17618 0.912131
0.982216 -8.17032 0.912131
0.982366 -8.16446 0.912281
0.982516 -8.15861 0.912281
0.982666 -8.15277 0.912431
0.982816 -8.14693 0.912431
0.982966 -8.14109 0.912581
0.983117 -8.13526 0.912581
0.983267 -8.12944 0.912731
0.983417 -8.12362 0.912731
0.983567  -8.1178 0.912881
0.983717   -8.112 0.912881
0.983867 -8.10619 0.913032
0.984017  -8.1004 0.913182
0.984167  -8.0946 0.913182
0.984317 -8.08882 0.913332
0.984467 -8.08303 0.913332
0.984617 -8.07726 0.913482
0.984767 -8.07148 0.913482
0.984917 -8.06572 0.913632
0.985068 -8.05996 0.913632
0.985218  -8.0542 0.913782
0.985368 -8.04845 0.913782
0.985518 -8.04271 0.913932
0.985668 -8.03697 0.913932
0.985818 -8.03123 0.914082
0.985968  -8.0255 0.914082
0.986118 -8.01978 0.914232
0.986268 -8.01406 0.914232
0.986418 -8.00834 0.914382
0.986568 -8.00263 0.914382
0.986718 -7.99693 0.914532
0.986868 -7.99123 0.914532
0.987019 -7.98554 0.914682
0.987169 -7.97985 0.914682
0.987319 -7.97417 0.914832
0.987469 -7.96849 0.914832
0.987619 -7.96281 0.914982
0.987769 -7.95715 0.914982
0.987919 -7.95148 0.915133
0.988069 -7.94583 0.915283
0.988219 -7.94017 0.915283
0.988369 -7.93453 0.915433
0.988519 -7.92888 0.915433
0.988669 -7.92325 0.915583
0.988819 -7.91762 0.915583
0.988969 -7.91199 0.915733
 0.98912 -7.90637 0.915733
 0.98927 -7.90075 0.915883
 0.98942 -7.89514 0.915883
 0.98957 -7.88953 0.916033
 0.98972 -7.88393 0.916033
 0.98987 -7.87833 0.916183
 0.99002 -7.87274 0.916183
 0.99017 -7.86716 0.916333
 0.99032 -7.86158 0.916333
 0.99047   -7.856 0.916483
 0.99062 -7.85043 0.916483
 0.99077 -7.84486 0.916633
 0.99092  -7.8393 0.916633
0.991071 -7.83374 0.916783
0.991221 -7.82819 0.916783
0.991371 -7.82265 0.916933
0.991521 -7.81711 0.916933
0.991671 -7.81157 0.917084
0.991821 -7.80604 0.917084
0.991971 -7.80051 0.917234
0.992121 -7.79499 0.917234
0.992271 -7.78947 0.917384
0.992421 -7.78396 0.917534
0.992571 -7.77846 0.917534
0.992721 -7.77296 0.917684
0.992871 -7.76746 0.917684
0.993022 -7.76197 0.917834
0.993172 -7.75648 0.917834
0.993322   -7.751 0.917984
0.993472 -7.74552 0.917984
0.993622 -7.74005 0.918134
0.993772 -7.73458 0.918134
0.993922 -7.72912 0.918284
0.994072 -7.72366 0.918284
0.994222 -7.71821 0.918434
0.994372 -7.71276 0.918434
0.994522 -7.70732 0.918584
0.994672 -7.70188 0.918584
0.994822 -7.69645 0.918734
0.994972 -7.69102 0.918734
0.995123  -7.6856 0.918884
0.995273 -7.68018 0.918884
0.995423 -7.67477 0.919035
0.995573 -7.66936 0.919035
0.995723 -7.66396 0.919185
0.995873 -7.65856 0.919185
0.996023 -7.65316 0.919335
0.996173 -7.64778 0.919335
0.996323 -7.64239 0.919485
0.996473 -7.63701 0.919635
0.996623 -7.63164 0.919635
0.996773 -7.62627 0.919785
0.996923  -7.6209 0.919785
0.997074 -7.61554 0.919935
0.997224 -7.61019 0.919935
0.997374 -7.60484 0.920085
0.997524 -7.59949 0.920085
0.997674 -7.59415 0.920235
0.997824 -7.58881 0.920235
0.997974 -7.58348 0.920385
0.998124 -7.57815 0.920385
0.998274 -7.57283 0.920535
0.998424 -7.56751 0.920535
0.998574  -7.5622 0.920685
0.998724 -7.55689 0.920685
0.998874 -7.55159 0.920835
0.999025 -7.54629 0.920835
0.999175   -7.541 0.920985
0.999325 -7.53571 0.920985
0.999475 -7.53043 0.921136
0.999625 -7.52515 0.921136
0.999775 -7.51987 0.921286
0.999925  -7.5146 0.921286
 1.00008 -7.50934 0.921436
 1.00023 -7.50408 0.921436
 1.00038 -7.49882 0.921586
 1.00053 -7.49357 0.921736
 1.00068 -7.48832 0.921736
 1.00083 -7.48308 0.921886
 1.00098 -7.47784 0.921886
 1.00113 -7.47261 0.922036
 1.00128 -7.46738 0.922036
 1.00143 -7.46216 0.922186
 1.00158 -7.45694 0.922186
 1.00173 -7.45173 0.922336
 1.00188 -7.44652 0.922336
 1.00203 -7.44131 0.922486
 1.00218 -7.43611 0.922486
 1.00233 -7.43092 0.922636
 1.00248 -7.42573 0.922636
 1.00263 -7.42054 0.922786
 1.00278 -7.41536 0.922786
 1.00293 -7.41018 0.922936
 1.00308 -7.40501 0.922936
 1.00323 -7.39984 0.923087
 1.00338 -7.39468 0.923087
 1.00353 -7.38952 0.923237
 1.00368 -7.38436 0.923237
 1.00383 -7.37921 0.923387
 1.00398 -7.37407 0.923387
 1.00413 -7.36893 0.923537
 1.00428 -7.36379 0.923537
 1.00443 -7.35866 0.923687
 1.00458 -7.35354 0.923687
 1.00473 -7.34841 0.923837
 1.00488  -7.3433 0.923987
 1.00503 -7.33818 0.923987
 1.00518 -7.33307 0.924137
 1.00533 -7.32797 0.924137
 1.00548 -7.32287 0.924287
 1.00563 -7.31777 0.924287
 1.00578 -7.31268 0.924437
 1.00593  -7.3076 0.924437
 1.00608 -7.30252 0.924587
 1.00623 -7.29744 0.924587
 1.00638 -7.29237 0.924737
 1.00653  -7.2873 0.924737
 1.00668 -7.28223 0.924887
 1.00683 -7.27717 0.924887
 1.00698 -7.27212 0.925038
 1.00713 -7.26707 0.925038
 1.00728 -7.26202 0.925188
 1.00743 -7.25698 0.925188
 1.00758 -7.25194 0.925338
 1.00773 -7.24691 0.925338
 1.00788 -7.24188 0.925488
 1.00803 -7.23686 0.925488
 1.00818 -7.23184 0.925638
 1.00833 -7.22683 0.925638
 1.00848 -7.22182 0.925788
 1.00863 -7.21681 0.925788
 1.00878 -7.21181 0.925938
 1.00893 -7.20681 0.926088
 1.00908 -7.20182 0.926088
 1.00923 -7.19683 0.926238
 1.00938 -7.19185 0.926238
 1.00953 -7.18687 0.926388
 1.00968 -7.18189 0.926388
 1.00983 -7.17692 0.926538
 1.00998 -7.17195 0.926538
 1.01013 -7.16699 0.926688
 1.01028 -7.16203 0.926688
 1.01043 -7.15708 0.926838
 1.01058 -7.15213 0.926838
 1.01073 -7.14719 0.926988
 1.01088 -7.14225 0.926988
 1.01103 -7.13731 0.927139
 1.01118 -7.13238 0.927139
 1.01133 -7.12745 0.927289
 1.01148 -7.12253 0.927289
 1.01163 -7.11761 0.927439
 1.01178  -7.1127 0.927439
 1.01193 -7.10779 0.927589
 1.01208 -7.10288 0.927589
 1.01223 -7.09798 0.927739
 1.01238 -7.09308 0.927739
 1.01253 -7.08819 0.927889
 1.01268  -7.0833 0.927889
 1.01283 -7.07842 0.928039
 1.01298 -7.07354 0.928039
 1.01313 -7.06866 0.928189
 1.01328 -7.06379 0.928339
 1.01343 -7.05892 0.928339
 1.01358 -7.05406 0.928489
 1.01373  -7.0492 0.928489
 1.01388 -7.04435 0.928639
 1.01403  -7.0395 0.928639
 1.01418 -7.03465 0.928789
 1.01433 -7.02981 0.928789
 1.01448 -7.02497 0.928939
 1.01463 -7.02014 0.928939
 1.01478 -7.01531  0.92909
 1.01493 -7.01049  0.92909
 1.01508 -7.00567  0.92924
 1.01523 -7.00085  0.92924
 1.01538 -6.99604  0.92939
 1.01553 -6.99123  0.92939
 1.01568 -6.98643  0.92954
 1.01583 -6.98163  0.92954
 1.01598 -6.97683  0.92969
 1.01613 -6.97204  0.92969
 1.01628 -6.96725  0.92984
 1.01643 -6.96247  0.92984
 1.01658 -6.95769  0.92999
 1.01673 -6.95292  0.92999
 1.01688 -6.94815  0.93014
 1.01703 -6.94338  0.93014
 1.01718 -6.93862  0.93029
 1.01733 -6.93386  0.93029
 1.01748 -6.92911  0.93044
 1.01763 -6.92436  0.93059
 1.01778 -6.91961  0.93059
 1.01793 -6.91487  0.93074
 1.01808 -6.91013  0.93074
 1.01823  -6.9054  0.93089
 1.01838 -6.90067  0.93089
 1.01853 -6.89595 0.931041
 1.01868 -6.89123 0.931041
 1.01883 -6.88651 0.931191
 1.01898  -6.8818 0.931191
 1.01913 -6.87709 0.931341
 1.01928 -6.87239 0.931341
 1.01943 -6.86769 0.931491
 1.01958 -6.86299 0.931491
 1.01973  -6.8583 0.931641
 1.01988 -6.85361 0.931641
 1.02004 -6.84893 0.931791
 1.02019 -6.84425 0.931791
 1.02034 -6.83957 0.931941
 1.02049  -6.8349 0.931941
 1.02064 -6.83023 0.932091
 1.02079 -6.82557 0.932091
 1.02094 -6.82091 0.932241
 1.02109 -6.81625 0.932241
 1.02124  -6.8116 0.932391
 1.02139 -6.80696 0.932391
 1.02154 -6.80231 0.932541
 1.02169 -6.79767 0.932691
 1.02184 -6.79304 0.932691
 1.02199 -6.78841 0.932841
 1.02214 -6.78378 0.932841
 1.02229 -6.77916 0.932991
 1.02244 -6.77454 0.932991
 1.02259 -6.76992 0.933142
 1.02274 -6.76531 0.933142
 1.02289  -6.7607 0.933292
 1.02304  -6.7561 0.933292
 1.02319  -6.7515 0.933442
 1.02334  -6.7469 0.933442
 1.02349 -6.74231 0.933592
 1.02364 -6.73773 0.933592
 1.02379 -6.73314 0.933742
 1.02394 -6.72856 0.933742
 1.02409 -6.72399 0.933892
 1.02424 -6.71942 0.933892
 1.02439 -6.71485 0.934042
 1.02454 -6.71029 0.934042
 1.02469 -6.70573 0.934192
 1.02484 -6.70117 0.934192
 1.02499 -6.69662 0.934342
 1.02514 -6.69207 0.934342
 1.02529 -6.68753 0.934492
 1.02544 -6.68299 0.934492
 1.02559 -6.67845 0.934642
 1.02574 -6.67392 0.934642
 1.02589 -6.66939 0.934792
 1.02604 -6.66487 0.934942
 1.02619 -6.66034 0.934942
 1.02634 -6.65583 0.935093
 1.02649 -6.65132 0.935093
 1.02664 -6.64681 0.935243
 1.02679  -6.6423 0.935243
 1.02694  -6.6378 0.935393
 1.02709  -6.6333 0.935393
 1.02724 -6.62881 0.935543
 1.02739 -6.62432 0.935543
 1.02754 -6.61984 0.935693
 1.02769 -6.61535 0.935693
 1.02784 -6.61088 0.935843
 1.02799  -6.6064 0.935843
 1.02814 -6.60193 0.935993
 1.02829 -6.59747 0.935993
 1.02844   -6.593 0.936143
 1.02859 -6.58855 0.936143
 1.02874 -6.58409 0.936293
 1.02889 -6.57964 0.936293
 1.02904 -6.57519 0.936443
 1.02919 -6.57075 0.936443
 1.02934 -6.56631 0.936593
 1.02949 -6.56187 0.936593
 1.02964 -6.55744 0.936743
 1.02979 -6.55301 0.936743
 1.02994 -6.54859 0.936893
 1.03009 -6.54417 0.936893
 1.03024 -6.53975 0.937044
 1.03039 -6.53534 0.937194
 1.03054 -6.53093 0.937194
 1.03069 -6.52653 0.937344
 1.03084 -6.52212 0.937344
 1.03099 -6.51773 0.937494
 1.03114 -6.51333 0.937494
 1.03129 -6.50894 0.937644
 1.03144 -6.50455 0.937644
 1.03159 -6.50017 0.937794
 1.03174 -6.49579 0.937794
 1.03189 -6.49142 0.937944
 1.03204 -6.48705 0.937944
 1.03219 -6.48268 0.938094
 1.03234 -6.47832 0.938094
 1.03249 -6.47395 0.938244
 1.03264  -6.4696 0.938244
 1.03279 -6.46525 0.938394
 1.03294  -6.4609 0.938394
 1.03309 -6.45655 0.938544
 1.03324 -6.45221 0.938544
 1.03339 -6.44787 0.938694
 1.03354 -6.44354 0.938694
 1.03369 -6.43921 0.938844
 1.03384 -6.43488 0.938844
 1.03399 -6.43056 0.938994
 1.03414 -6.42624 0.938994
 1.03429 -6.42192 0.939145
 1.03444 -6.41761 0.939145
 1.03459  -6.4133 0.939295
 1.03474   -6.409 0.939445
 1.03489  -6.4047 0.939445
 1.03504  -6.4004 0.939595
 1.03519  -6.3961 0.939595
 1.03534 -6.39182 0.939745
 1.03549 -6.38753 0.939745
 1.03564 -6.38325 0.939895
 1.03579 -6.37897 0.939895
 1.03594 -6.37469 0.940045
 1.03609 -6.37042 0.940045
 1.03624 -6.36615 0.940195
 1.03639 -6.36189 0.940195
 1.03654 -6.35763 0.940345
 1.03669 -6.35337 0.940345
 1.03684 -6.34911 0.940495
 1.03699 -6.34486 0.940495
 1.03714 -6.34062 0.940645
 1.03729 -6.33638 0.940645
 1.03744 -6.33214 0.940795
 1.03759  -6.3279 0.940795
 1.03774 -6.32367 0.940945
 1.03789 -6.31944 0.940945
 1.03804 -6.31521 0.941096
 1.03819 -6.31099 0.941096
 1.03834 -6.30678 0.941246
 1.03849 -6.30256 0.941246
 1.03864 -6.29835 0.941396
 1.03879 -6.29415 0.941396
 1.03894 -6.28994 0.941546
 1.03909 -6.28574 0.941696
 1.03924 -6.28155 0.941696
 1.03939 -6.27735 0.941846
 1.03954 -6.27316 0.941846
 1.03969 -6.26898 0.941996
 1.03984  -6.2648 0.941996
 1.03999 -6.26062 0.942146
 1.04015 -6.25644 0.942146
  1.0403 -6.25227 0.942296
 1.04045  -6.2481 0.942296
  1.0406 -6.24394 0.942446
 1.04075 -6.23978 0.942446
  1.0409 -6.23562 0.942596
 1.04105 -6.23147 0.942596
  1.0412 -6.22732 0.942746
 1.04135 -6.22317 0.942746
  1.0415 -6.21903 0.942896
 1.04165 -6.21489 0.942896
  1.0418 -6.21075 0.943047
 1.04195 -6.20662 0.943047
  1.0421 -6.20249 0.943197
 1.04225 -6.19837 0.943197
  1.0424 -6.19424 0.943347
 1.04255 -6.19012 0.943347
  1.0427 -6.18601 0.943497
 1.04285  -6.1819 0.943497
   1.043 -6.17779 0.943647
 1.04315 -6.17368 0.943647
  1.0433 -6.16958 0.943797
 1.04345 -6.16549 0.943797
  1.0436 -6.16139 0.943947
 1.04375  -6.1573 0.944097
  1.0439 -6.15321 0.944097
 1.04405 -6.14913 0.944247
  1.0442 -6.14505 0.944247
 1.04435 -6.14097 0.944397
  1.0445  -6.1369 0.944397
 1.04465 -6.13283 0.944547
  1.0448 -6.12876 0.944547
 1.04495  -6.1247 0.944697
  1.0451 -6.12064 0.944697
 1.04525 -6.11658 0.944847
  1.0454 -6.11253 0.944847
 1.04555 -6.10848 0.944997
  1.0457 -6.10443 0.944997
 1.04585 -6.10039 0.945148
   1.046 -6.09635 0.945148
 1.04615 -6.09231 0.945298
  1.0463 -6.08828 0.945298
 1.04645 -6.08425 0.945448
  1.0466 -6.08022 0.945448
 1.04675  -6.0762 0.945598
  1.0469 -6.07218 0.945598
 1.04705 -6.06816 0.945748
  1.0472 -6.06415 0.945748
 1.04735 -6.06014 0.945898
  1.0475 -6.05614 0.945898
 1.04765 -6.05213 0.946048
  1.0478 -6.04814 0.946048
 1.04795 -6.04414 0.946198
  1.0481 -6.04015 0.946348
 1.04825 -6.03616 0.946348
  1.0484 -6.03217 0.946498
 1.04855 -6.02819 0.946498
  1.0487 -6.02421 0.946648
 1.04885 -6.02024 0.946648
   1.049 -6.01627 0.946798
 1.04915  -6.0123 0.946798
  1.0493 -6.00833 0.946948
 1.04945 -6.00437 0.946948
  1.0496 -6.00041 0.947099
 1.04975 -5.99645 0.947099
  1.0499  -5.9925 0.947249
 1.05005 -5.98855 0.947249
  1.0502 -5.98461 0.947399
 1.05035 -5.98066 0.947399
  1.0505 -5.97672 0.947549
 1.05065 -5.97279 0.947549
  1.0508 -5.96886 0.947699
 1.05095 -5.96493 0.947699
  1.0511   -5.961 0.947849
 1.05125 -5.95708 0.947849
  1.0514 -5.95316 0.947999
 1.05155 -5.94924 0.947999
  1.0517 -5.94533 0.948149
 1.05185 -5.94142 0.948149
   1.052 -5.93751 0.948299
 1.05215 -5.93361 0.948299
  1.0523 -5.92971 0.948449
 1.05245 -5.92582 0.948599
  1.0526 -5.92192 0.948599
 1.05275 -5.91803 0.948749
  1.0529 -5.91415 0.948749
 1.05305 -5.91026 0.948899
  1.0532 -5.90638 0.948899
 1.05335 -5.90251  0.94905
  1.0535 -5.89863  0.94905
 1.05365 -5.89476   0.9492
  1.0538 -5.89089   0.9492
 1.05395 -5.88703  0.94935
  1.0541 -5.88317  0.94935
 1.05425 -5.87931   0.9495
  1.0544 -5.87546   0.9495
 1.05455 -5.87161  0.94965
  1.0547 -5.86776  0.94965
 1.05485 -5.86391   0.9498
   1.055 -5.86007   0.9498
 1.05515 -5.85623  0.94995
  1.0553  -5.8524  0.94995
 1.05545 -5.84856   0.9501
  1.0556 -5.84474   0.9501
 1.05575 -5.84091  0.95025
  1.0559 -5.83709  0.95025
 1.05605 -5.83327   0.9504
  1.0562 -5.82945   0.9504
 1.05635 -5.82564  0.95055
  1.0565 -5.82183  0.95055
 1.05665 -5.81802   0.9507
  1.0568 -5.81422   0.9507
 1.05695 -5.81042  0.95085
  1.0571 -5.80662 0.951001
 1.05725 -5.80283 0.951001
  1.0574 -5.79904 0.951151
 1.05755 -5.79525 0.951151
  1.0577 -5.79147 0.951301
 1.05785 -5.78768 0.951301
   1.058 -5.78391 0.951451
 1.05815 -5.78013 0.951451
  1.0583 -5.77636 0.951601
 1.05845 -5.77259 0.951601
  1.0586 -5.76882 0.951751
 1.05875 -5.76506 0.951751
  1.0589  -5.7613 0.951901
 1.05905 -5.75755 0.951901
  1.0592 -5.75379 0.952051
 1.05935 -5.75004 0.952051
  1.0595 -5.74629 0.952201
 1.05965 -5.74255 0.952201
  1.0598 -5.73881 0.952351
 1.05995 -5.73507 0.952351
 1.06011 -5.73134 0.952501
 1.06026 -5.72761 0.952501
 1.06041 -5.72388 0.952651
 1.06056 -5.72015 0.952651
 1.06071 -5.71643 0.952801
 1.06086 -5.71271 0.952801
 1.06101 -5.70899 0.952951
 1.06116 -5.70528 0.952951
 1.06131 -5.70157 0.953102
 1.06146 -5.69786 0.953252
 1.06161 -5.69416 0.953252
 1.06176 -5.69046 0.953402
 1.06191 -5.68676 0.953402
 1.06206 -5.68307 0.953552
 1.06221 -5.67937 0.953552
 1.06236 -5.67569 0.953702
 1.06251   -5.672 0.953702
 1.06266 -5.66832 0.953852
 1.06281 -5.66464 0.953852
 1.06296 -5.66096 0.954002
 1.06311 -5.65729 0.954002
 1.06326 -5.65362 0.954152
 1.06341 -5.64995 0.954152
 1.06356 -5.64629 0.954302
 1.06371 -5.64263 0.954302
 1.06386 -5.63897 0.954452
 1.06401 -5.63531 0.954452
 1.06416 -5.63166 0.954602
 1.06431 -5.62801 0.954602
 1.06446 -5.62436 0.954752
 1.06461 -5.62072 0.954752
 1.06476 -5.61708 0.954902
 1.06491 -5.61344 0.954902
 1.06506 -5.60981 0.955053
 1.06521 -5.60618 0.955053
 1.06536 -5.60255 0.955203
 1.06551 -5.59892 0.955203
 1.06566  -5.5953 0.955353
 1.06581 -5.59168 0.955353
 1.06596 -5.58806 0.955503
 1.06611 -5.58445 0.955653
 1.06626 -5.58084 0.955653
 1.06641 -5.57723 0.955803
 1.06656 -5.57363 0.955803
 1.06671 -5.57003 0.955953
 1.06686 -5.56643 0.955953
 1.06701 -5.56283 0.956103
 1.06716 -5.55924 0.956103
 1.06731 -5.55565 0.956253
 1.06746 -5.55206 0.956253
 1.06761 -5.54848 0.956403
 1.06776  -5.5449 0.956403
 1.06791 -5.54132 0.956553
 1.06806 -5.53775 0.956553
 1.06821 -5.53417 0.956703
 1.06836  -5.5306 0.956703
 1.06851 -5.52704 0.956853
 1.06866 -5.52347 0.956853
 1.06881 -5.51991 0.957004
 1.06896 -5.51636 0.957004
 1.06911  -5.5128 0.957154
 1.06926 -5.50925 0.957154
 1.06941  -5.5057 0.957304
 1.06956 -5.50216 0.957304
 1.06971 -5.49861 0.957454
 1.06986 -5.49507 0.957454
 1.07001 -5.49154 0.957604
 1.07016   -5.488 0.957604
 1.07031 -5.48447 0.957754
 1.07046 -5.48094 0.957904
 1.07061 -5.47742 0.957904
 1.07076 -5.47389 0.958054
 1.07091 -5.47037 0.958054
 1.07106 -5.46686 0.958204
 1.07121 -5.46334 0.958204
 1.07136 -5.45983 0.958354
 1.07151 -5.45632 0.958354
 1.07166 -5.45282 0.958504
 1.07181 -5.44931 0.958504
 1.07196 -5.44581 0.958654
 1.07211 -5.44232 0.958654
 1.07226 -5.43882 0.958804
 1.07241 -5.43533 0.958804
 1.07256 -5.43184 0.958954
 1.07271 -5.42836 0.958954
 1.07286 -5.42487 0.959105
 1.07301 -5.42139 0.959105
 1.07316 -5.41792 0.959255
 1.07331 -5.41444 0.959255
 1.07346 -5.41097 0.959405
 1.07361  -5.4075 0.959405
 1.07376 -5.40404 0.959555
 1.07391 -5.40058 0.959555
 1.07406 -5.39711 0.959705
 1.07421 -5.39366 0.959705
 1.07436  -5.3902 0.959855
 1.07451 -5.38675 0.959855
 1.07466  -5.3833 0.960005
 1.07481 -5.37986 0.960005
 1.07496 -5.37641 0.960155
 1.07511 -5.37297 0.960305
 1.07526 -5.36953 0.960305
 1.07541  -5.3661 0.960455
 1.07556 -5.36267 0.960455
 1.07571 -5.35924 0.960605
 1.07586 -5.35581 0.960605
 1.07601 -5.35239 0.960755
 1.07616 -5.34897 0.960755
 1.07631 -5.34555 0.960905
 1.07646 -5.34213 0.960905
 1.07661 -5.33872 0.961056
 1.07676 -5.33531 0.961056
 1.07691  -5.3319 0.961206
 1.07706  -5.3285 0.961206
 1.07721  -5.3251 0.961356
 1.07736  -5.3217 0.961356
 1.07751  -5.3183 0.961506
 1.07766 -5.31491 0.961506
 1.07781 -5.31152 0.961656
 1.07796 -5.30813 0.961656
 1.07811 -5.30475 0.961806
 1.07826 -5.30137 0.961806
 1.07841 -5.29799 0.961956
 1.07856 -5.29461 0.961956
 1.07871 -5.29123 0.962106
 1.07886 -5.28786 0.962106
 1.07901 -5.28449 0.962256
 1.07916 -5.28113 0.962256
 1.07931 -5.27777 0.962406
 1.07946 -5.27441 0.962406
 1.07961 -5.27105 0.962556
 1.07976 -5.26769 0.962706
 1.07991 -5.26434 0.962706
 1.08007 -5.26099 0.962856
 1.08022 -5.25764 0.962856
 1.08037  -5.2543 0.963007
 1.08052 -5.25096 0.963007
 1.08067 -5.24762 0.963157
 1.08082 -5.24428 0.963157
 1.08097 -5.24095 0.963307
 1.08112 -5.23762 0.963307
 1.08127 -5.23429 0.963457
 1.08142 -5.23097 0.963457
 1.08157 -5.22764 0.963607
 1.08172 -5.22432 0.963607
 1.08187 -5.22101 0.963757
 1.08202 -5.21769 0.963757
 1.08217 -5.21438 0.963907
 1.08232 -5.21107 0.963907
 1.08247 -5.20776 0.964057
 1.08262 -5.20446 0.964057
 1.08277 -5.20116 0.964207
 1.08292 -5.19786 0.964207
 1.08307 -5.19456 0.964357
 1.08322 -5.19127 0.964357
 1.08337 -5.18798 0.964507
 1.08352 -5.18469 0.964507
 1.08367 -5.18141 0.964657
 1.08382 -5.17813 0.964657
 1.08397 -5.17484 0.964807
 1.08412 -5.17157 0.964807
 1.08427 -5.16829 0.964957
 1.08442 -5.16502 0.965108
 1.08457 -5.16175 0.965108
 1.08472 -5.15848 0.965258
 1.08487 -5.15522 0.965258
 1.08502 -5.15196 0.965408
 1.08517  -5.1487 0.965408
 1.08532 -5.14544 0.965558
 1.08547 -5.14219 0.965558
 1.08562 -5.13894 0.965708
 1.08577 -5.13569 0.965708
 1.08592 -5.13244 0.965858
 1.08607  -5.1292 0.965858
 1.08622 -5.12596 0.966008
 1.08637 -5.12272 0.966008
 1.08652 -5.11949 0.966158
 1.08667 -5.11625 0.966158
 1.08682 -5.11302 0.966308
 1.08697  -5.1098 0.966308
 1.08712 -5.10657 0.966458
 1.08727 -5.10335 0.966458
 1.08742 -5.10013 0.966608
 1.08757 -5.09691 0.966608
 1.08772 -5.09369 0.966758
 1.08787 -5.09048 0.966758
 1.08802 -5.08727 0.966908
 1.08817 -5.08407 0.966908
 1.08832 -5.08086 0.967059
 1.08847 -5.07766 0.967059
 1.08862 -5.07446 0.967209
 1.08877 -5.07126 0.967209
 1.08892 -5.06807 0.967359
 1.08907 -5.06488 0.967509
 1.08922 -5.06169 0.967509
 1.08937  -5.0585 0.967659
 1.08952 -5.05532 0.967659
 1.08967 -5.05214 0.967809
 1.08982 -5.04896 0.967809
 1.08997 -5.04578 0.967959
 1.09012 -5.04261 0.967959
 1.09027 -5.03944 0.968109
 1.09042 -5.03627 0.968109
 1.09057  -5.0331 0.968259
 1.09072 -5.02994 0.968259
 1.09087 -5.02678 0.968409
 1.09102 -5.02362 0.968409
 1.09117 -5.02046 0.968559
 1.09132 -5.01731 0.968559
 1.09147 -5.01416 0.968709
 1.09162 -5.01101 0.968709
 1.09177 -5.00786 0.968859
 1.09192 -5.00472 0.968859
 1.09207 -5.00158  0.96901
 1.09222 -4.99844  0.96901
 1.09237  -4.9953  0.96916
 1.09252 -4.99217  0.96916
 1.09267 -4.98904  0.96931
 1.09282 -4.98591  0.96931
 1.09297 -4.98278  0.96946
 1.09312 -4.97966  0.96946
 1.09327 -4.97654  0.96961
 1.09342 -4.97342  0.96961
 1.09357  -4.9703  0.96976
 1.09372 -4.96719  0.96991
 1.09387 -4.96408  0.96991
 1.09402 -4.96097  0.97006
 1.09417 -4.95786  0.97006
 1.09432 -4.95476  0.97021
 1.09447 -4.95166  0.97021
 1.09462 -4.94856  0.97036
 1.09477 -4.94546  0.97036
 1.09492 -4.94237  0.97051
 1.09507 -4.93928  0.97051
 1.09522 -4.93619  0.97066
 1.09537  -4.9331  0.97066
 1.09552 -4.93002  0.97081
 1.09567 -4.92694  0.97081
 1.09582 -4.92386  0.97096
 1.09597 -4.92078  0.97096
 1.09612 -4.91771 0.971111
 1.09627 -4.91463 0.971111
 1.09642 -4.91156 0.971261
 1.09657  -4.9085 0.971261
 1.09672 -4.90543 0.971411
 1.09687 -4.90237 0.971411
 1.09702 -4.89931 0.971561
 1.09717 -4.89625 0.971561
 1.09732  -4.8932 0.971711
 1.09747 -4.89015 0.971711
 1.09762  -4.8871 0.971861
 1.09777 -4.88405 0.971861
 1.09792   -4.881 0.972011
 1.09807 -4.87796 0.972011
 1.09822 -4.87492 0.972161
 1.09837 -4.87188 0.972311
 1.09852 -4.86885 0.972311
 1.09867 -4.86581 0.972461
 1.09882 -4.86278 0.972461
 1.09897 -4.85975 0.972611
 1.09912 -4.85673 0.972611
 1.09927  -4.8537 0.972761
 1.09942 -4.85068 0.972761
 1.09957 -4.84766 0.972911
 1.09972 -4.84465 0.972911
 1.09987 -4.84163 0.973062
 1.10003 -4.83862 0.973062
 1.10018 -4.83561 0.973212
 1.10033 -4.83261 0.973212
 1.10048  -4.8296 0.973362
 1.10063  -4.8266 0.973362
 1.10078  -4.8236 0.973512
 1.10093  -4.8206 0.973512
 1.10108 -4.81761 0.973662
 1.10123 -4.81461 0.973662
 1.10138 -4.81162 0.973812
 1.10153 -4.80864 0.973812
 1.10168 -4.80565 0.973962
 1.10183 -4.80267 0.973962
 1.10198 -4.79969 0.974112
 1.10213 -4.79671 0.974112
 1.10228 -4.79373 0.974262
 1.10243 -4.79076 0.974262
 1.10258 -4.78779 0.974412
 1.10273 -4.78482 0.974412
 1.10288 -4.78185 0.974562
 1.10303 -4.77889 0.974712
 1.10318 -4.77592 0.974712
 1.10333 -4.77296 0.974862
 1.10348 -4.77001 0.974862
 1.10363 -4.76705 0.975013
 1.10378  -4.7641 0.975013
 1.10393 -4.76115 0.975163
 1.10408  -4.7582 0.975163
 1.10423 -4.75525 0.975313
 1.10438 -4.75231 0.975313
 1.10453 -4.74937 0.975463
 1.10468 -4.74643 0.975463
 1.10483 -4.74349 0.975613
 1.10498 -4.74056 0.975613
 1.10513 -4.73763 0.975763
 1.10528  -4.7347 0.975763
 1.10543 -4.73177 0.975913
 1.10558 -4.72885 0.975913
 1.10573 -4.72592 0.976063
 1.10588   -4.723 0.976063
 1.10603 -4.72008 0.976213
 1.10618 -4.71717 0.976213
 1.10633 -4.71425 0.976363
 1.10648 -4.71134 0.976363
 1.10663 -4.70843 0.976513
 1.10678 -4.70553 0.976513
 1.10693 -4.70262 0.976663
 1.10708 -4.69972 0.976663
 1.10723 -4.69682 0.976813
 1.10738 -4.69392 0.976813
 1.10753 -4.69103 0.976963
 1.10768 -4.68814 0.976963
 1.10783 -4.68524 0.977114
 1.10798 -4.68236 0.977264
 1.10813 -4.67947 0.977264
 1.10828 -4.67659 0.977414
 1.10843  -4.6737 0.977414
 1.10858 -4.67082 0.977564
 1.10873 -4.66795 0.977564
 1.10888 -4.66507 0.977714
 1.10903  -4.6622 0.977714
 1.10918 -4.65933 0.977864
 1.10933 -4.65646 0.977864
 1.10948 -4.65359 0.978014
 1.10963 -4.65073 0.978014
 1.10978 -4.64787 0.978164
 1.10993 -4.64501 0.978164
 1.11008 -4.64215 0.978314
 1.11023  -4.6393 0.978314
 1.11038 -4.63644 0.978464
 1.11053 -4.63359 0.978464
 1.11068 -4.63075 0.978614
 1.11083  -4.6279 0.978614
 1.11098 -4.62506 0.978764
 1.11113 -4.62221 0.978764
 1.11128 -4.61937 0.978914
 1.11143 -4.61654 0.978914
 1.11158  -4.6137 0.979065
 1.11173 -4.61087 0.979065
 1.11188 -4.60804 0.979215
 1.11203 -4.60521 0.979215
 1.11218 -4.60238 0.979365
 1.11233 -4.59956 0.979365
 1.11248 -4.59674 0.979515
 1.11263 -4.59392 0.979665
 1.11278  -4.5911 0.979665
 1.11293 -4.58829 0.979815
 1.11308 -4.58547 0.979815
 1.11323 -4.58266 0.979965
 1.11338 -4.57986 0.979965
 1.11353 -4.57705 0.980115
 1.11368 -4.57425 0.980115
 1.11383 -4.57144 0.980265
 1.11398 -4.56864 0.980265
 1.11413 -4.56585 0.980415
 1.11428 -4.56305 0.980415
 1.11443 -4.56026 0.980565
 1.11458 -4.55747 0.980565
 1.11473 -4.55468 0.980715
 1.11488 -4.55189 0.980715
 1.11503 -4.54911 0.980865
 1.11518 -4.54632 0.980865
 1.11533 -4.54354 0.981016
 1.11548 -4.54077 0.981016
 1.11563 -4.53799 0.981166
 1.11578 -4.53522 0.981166
 1.11593 -4.53244 0.981316
 1.11608 -4.52967 0.981316
 1.11623 -4.52691 0.981466
 1.11638 -4.52414 0.981466
 1.11653 -4.52138 0.981616
 1.11668 -4.51862 0.981616
 1.11683 -4.51586 0.981766
 1.11698  -4.5131 0.981766
 1.11713 -4.51035 0.981916
 1.11728  -4.5076 0.981916
 1.11743 -4.50485 0.982066
 1.11758  -4.5021 0.982216
 1.11773 -4.49935 0.982216
 1.11788 -4.49661 0.982366
 1.11803 -4.49387 0.982366
 1.11818 -4.49113 0.982516
 1.11833 -4.48839 0.982516
 1.11848 -4.48565 0.982666
 1.11863 -4.48292 0.982666
 1.11878 -4.48019 0.982816
 1.11893 -4.47746 0.982816
 1.11908 -4.47473 0.982966
 1.11923 -4.47201 0.982966
 1.11938 -4.46929 0.983117
 1.11953 -4.46657 0.983117
 1.11968 -4.46385 0.983267
 1.11983 -4.46113 0.983267
 1.11998 -4.45842 0.983417
 1.12014 -4.45571 0.983417
 1.12029   -4.453 0.983567
 1.12044 -4.45029 0.983567
 1.12059 -4.44758 0.983717
 1.12074 -4.44488 0.983717
 1.12089 -4.44218 0.983867
 1.12104 -4.43948 0.983867
 1.12119 -4.43678 0.984017
 1.12134 -4.43408 0.984017
 1.12149 -4.43139 0.984167
 1.12164  -4.4287 0.984167
 1.12179 -4.42601 0.984317
 1.12194 -4.42332 0.984317
 1.12209 -4.42064 0.984467
 1.12224 -4.41796 0.984467
 1.12239 -4.41527 0.984617
 1.12254  -4.4126 0.984767
 1.12269 -4.40992 0.984767
 1.12284 -4.40724 0.984917
 1.12299 -4.40457 0.984917
 1.12314  -4.4019 0.985068
 1.12329 -4.39923 0.985068
 1.12344 -4.39657 0.985218
 1.12359  -4.3939 0.985218
 1.12374 -4.39124 0.985368
 1.12389 -4.38858 0.985368
 1.12404 -4.38592 0.985518
 1.12419 -4.38326 0.985518
 1.12434 -4.38061 0.985668
 1.12449 -4.37796 0.985668
 1.12464 -4.37531 0.985818
 1.12479 -4.37266 0.985818
 1.12494 -4.37001 0.985968
 1.12509 -4.36737 0.985968
 1.12524 -4.36473 0.986118
 1.12539 -4.36209 0.986118
 1.12554 -4.35945 0.986268
 1.12569 -4.35681 0.986268
 1.12584 -4.35418 0.986418
 1.12599 -4.35155 0.986418
 1.12614 -4.34892 0.986568
 1.12629 -4.34629 0.986568
 1.12644 -4.34366 0.986718
 1.12659 -4.34104 0.986718
 1.12674 -4.33842 0.986868
 1.12689  -4.3358 0.986868
 1.12704 -4.33318 0.987019
 1.12719 -4.33057 0.987169
 1.12734 -4.32795 0.987169
 1.12749 -4.32534 0.987319
 1.12764 -4.32273 0.987319
 1.12779 -4.32012 0.987469
 1.12794 -4.31752 0.987469
 1.12809 -4.31491 0.987619
 1.12824 -4.31231 0.987619
 1.12839 -4.30971 0.987769
 1.12854 -4.30711 0.987769
 1.12869 -4.30452 0.987919
 1.12884 -4.30193 0.987919
 1.12899 -4.29933 0.988069
 1.12914 -4.29674 0.988069
 1.12929 -4.29416 0.988219
 1.12944 -4.29157 0.988219
 1.12959 -4.28899 0.988369
 1.12974  -4.2864 0.988369
 1.12989 -4.28382 0.988519
 1.13004 -4.28125 0.988519
 1.13019 -4.27867 0.988669
 1.13034  -4.2761 0.988669
 1.13049 -4.27352 0.988819
 1.13064 -4.27095 0.988819
 1.13079 -4.26839 0.988969
 1.13094 -4.26582 0.988969
 1.13109 -4.26326  0.98912
 1.13124 -4.26069  0.98912
 1.13139 -4.25813  0.98927
 1.13154 -4.25558  0.98927
 1.13169 -4.25302  0.98942
 1.13184 -4.25046  0.98942
 1.13199 -4.24791  0.98957
 1.13214 -4.24536  0.98972
 1.13229 -4.24281  0.98972
 1.13244 -4.24027  0.98987
 1.13259 -4.23772  0.98987
 1.13274 -4.23518  0.99002
 1.13289 -4.23264  0.99002
 1.13304  -4.2301  0.99017
 1.13319 -4.22756  0.99017
 1.13334 -4.22503  0.99032
 1.13349 -4.22249  0.99032
 1.13364 -4.21996  0.99047
 1.13379 -4.21743  0.99047
 1.13394 -4.21491  0.99062
 1.13409 -4.21238  0.99062
 1.13424 -4.20986  0.99077
 1.13439 -4.20734  0.99077
 1.13454 -4.20482  0.99092
 1.13469  -4.2023  0.99092
 1.13484 -4.19978 0.991071
 1.13499 -4.19727 0.991071
 1.13514 -4.19476 0.991221
 1.13529 -4.19225 0.991221
 1.13544 -4.18974 0.991371
 1.13559 -4.18723 0.991371
 1.13574 -4.18473 0.991521
 1.13589 -4.18223 0.991521
 1.13604 -4.17973 0.991671
 1.13619 -4.17723 0.991671
 1.13634 -4.17473 0.991821
 1.13649 -4.17224 0.991821
 1.13664 -4.16974 0.991971
 1.13679 -4.16725 0.991971
 1.13694 -4.16476 0.992121
 1.13709 -4.16228 0.992271
 1.13724 -4.15979 0.992271
 1.13739 -4.15731 0.992421
 1.13754 -4.15482 0.992421
 1.13769 -4.15235 0.992571
 1.13784 -4.14987 0.992571
 1.13799 -4.14739 0.992721
 1.13814 -4.14492 0.992721
 1.13829 -4.14245 0.992871
 1.13844 -4.13997 0.992871
 1.13859 -4.13751 0.993022
 1.13874 -4.13504 0.993022
 1.13889 -4.13257 0.993172
 1.13904 -4.13011 0.993172
 1.13919 -4.12765 0.993322
 1.13934 -4.12519 0.993322
 1.13949 -4.12273 0.993472
 1.13964 -4.12028 0.993472
 1.13979 -4.11783 0.993622
 1.13994 -4.11537 0.993622
  1.1401 -4.11292 0.993772
 1.14025 -4.11048 0.993772
  1.1404 -4.10803 0.993922
 1.14055 -4.10559 0.993922
  1.1407 -4.10314 0.994072
 1.14085  -4.1007 0.994072
   1.141 -4.09826 0.994222
 1.14115 -4.09583 0.994222
  1.1413 -4.09339 0.994372
 1.14145 -4.09096 0.994372
  1.1416 -4.08853 0.994522
 1.14175  -4.0861 0.994522
  1.1419 -4.08367 0.994672
 1.14205 -4.08124 0.994822
  1.1422 -4.07882 0.994822
 1.14235  -4.0764 0.994972
  1.1425 -4.07398 0.994972
 1.14265 -4.07156 0.995123
  1.1428 -4.06914 0.995123
 1.14295 -4.06673 0.995273
  1.1431 -4.06431 0.995273
 1.14325  -4.0619 0.995423
  1.1434 -4.05949 0.995423
 1.14355 -4.05709 0.995573
  1.1437 -4.05468 0.995573
 1.14385 -4.05228 0.995723
   1.144 -4.04987 0.995723
 1.14415 -4.04747 0.995873
  1.1443 -4.04507 0.995873
 1.14445 -4.04268 0.996023
  1.1446 -4.04028 0.996023
 1.14475 -4.03789 0.996173
  1.1449  -4.0355 0.996173
 1.14505 -4.03311 0.996323
  1.1452 -4.03072 0.996323
 1.14535 -4.02833 0.996473
  1.1455 -4.02595 0.996473
 1.14565 -4.02357 0.996623
  1.1458 -4.02119 0.996623
 1.14595 -4.01881 0.996773
  1.1461 -4.01643 0.996773
 1.14625 -4.01406 0.996923
  1.1464 -4.01168 0.996923
 1.14655 -4.00931 0.997074
  1.1467 -4.00694 0.997074
 1.14685 -4.00457 0.997224
   1.147 -4.00221 0.997374
 1.14715 -3.99984 0.997374
  1.1473 -3.99748 0.997524
 1.14745 -3.99512 0.997524
  1.1476 -3.99276 0.997674
 1.14775  -3.9904 0.997674
  1.1479 -3.98804 0.997824
 1.14805 -3.98569 0.997824
  1.1482 -3.98334 0.997974
 1.14835 -3.98099 0.997974
  1.1485 -3.97864 0.998124
 1.14865 -3.97629 0.998124
  1.1488 -3.97395 0.998274
 1.14895  -3.9716 0.998274
  1.1491 -3.96926 0.998424
 1.14925 -3.96692 0.998424
  1.1494 -3.96458 0.998574
 1.14955 -3.96225 0.998574
  1.1497 -3.95991 0.998724
 1.14985 -3.95758 0.998724
    1.15 -3.95525 0.998874