 kgrid  ValNew  Policy 
    0.85 -11.9041 0.873262
 0.85015 -11.8944 0.873412
  0.8503 -11.8848 0.873412
 0.85045 -11.8751 0.873562
  0.8506 -11.8655 0.873562
 0.85075 -11.8559 0.873712
  0.8509 -11.8463 0.873712
0.851051 -11.8367 0.873862
0.851201 -11.8271 0.873862
0.851351 -11.8175 0.874012
0.851501  -11.808 0.874162
0.851651 -11.7984 0.874162
0.851801 -11.7888 0.874312
0.851951 -11.7793 0.874312
0.852101 -11.7698 0.874462
0.852251 -11.7602 0.874462
0.852401 -11.7507 0.874612
0.852551 -11.7412 0.874612
0.852701 -11.7317 0.874762
0.852851 -11.7223 0.874762
0.853002 -11.7128 0.874912
0.853152 -11.7033 0.874912
0.853302 -11.6939 0.875063
0.853452 -11.6844 0.875063
0.853602  -11.675 0.875213
0.853752 -11.6656 0.875213
0.853902 -11.6562 0.875363
0.854052 -11.6468 0.875513
0.854202 -11.6374 0.875513
0.854352  -11.628 0.875663
0.854502 -11.6186 0.875663
0.854652 -11.6093 0.875813
0.854802 -11.5999 0.875813
0.854952 -11.5906 0.875963
0.855103 -11.5812 0.875963
0.855253 -11.5719 0.876113
0.855403 -11.5626 0.876113
0.855553 -11.5533 0.876263
0.855703  -11.544 0.876263
0.855853 -11.5347 0.876413
0.856003 -11.5254 0.876413
0.856153 -11.5161 0.876563
0.856303 -11.5069 0.876713
0.856453 -11.4976 0.876713
0.856603 -11.4884 0.876863
0.856753 -11.4792 0.876863
0.856903 -11.4699 0.877014
0.857054 -11.4607 0.877014
0.857204 -11.4515 0.877164
0.857354 -11.4423 0.877164
0.857504 -11.4331 0.877314
0.857654  -11.424 0.877314
0.857804 -11.4148 0.877464
0.857954 -11.4056 0.877464
0.858104 -11.3965 0.877614
0.858254 -11.3874 0.877614
0.858404 -11.3782 0.877764
0.858554 -11.3691 0.877914
0.858704   -11.36 0.877914
0.858854 -11.3509 0.878064
0.859005 -11.3418 0.878064
0.859155 -11.3327 0.878214
0.859305 -11.3237 0.878214
0.859455 -11.3146 0.878364
0.859605 -11.3055 0.878364
0.859755 -11.2965 0.878514
0.859905 -11.2875 0.878514
0.860055 -11.2784 0.878664
0.860205 -11.2694 0.878664
0.860355 -11.2604 0.878814
0.860505 -11.2514 0.878814
0.860655 -11.2424 0.878964
0.860805 -11.2335 0.878964
0.860955 -11.2245 0.879115
0.861106 -11.2155 0.879265
0.861256 -11.2066 0.879265
0.861406 -11.1976 0.879415
0.861556 -11.1887 0.879415
0.861706 -11.1798 0.879565
0.861856 -11.1709 0.879565
0.862006 -11.1619 0.879715
0.862156  -11.153 0.879715
0.862306 -11.1442 0.879865
0.862456 -11.1353 0.879865
0.862606 -11.1264 0.880015
0.862756 -11.1176 0.880015
0.862906 -11.1087 0.880165
0.863057 -11.0999 0.880165
0.863207  -11.091 0.880315
0.863357 -11.0822 0.880465
0.863507 -11.0734 0.880465
0.863657 -11.0646 0.880615
0.863807 -11.0558 0.880615
0.863957  -11.047 0.880765
0.864107 -11.0382 0.880765
0.864257 -11.0294 0.880915
0.864407 -11.0207 0.880915
0.864557 -11.0119 0.881066
0.864707 -11.0032 0.881066
0.864857 -10.9944 0.881216
0.865008 -10.9857 0.881216
0.865158  -10.977 0.881366
0.865308 -10.9683 0.881366
0.865458 -10.9596 0.881516
0.865608 -10.9509 0.881516
0.865758 -10.9422 0.881666
0.865908 -10.9335 0.881816
0.866058 -10.9249 0.881816
0.866208 -10.9162 0.881966
0.866358 -10.9075 0.881966
0.866508 -10.8989 0.882116
0.866658 -10.8903 0.882116
0.866808 -10.8817 0.882266
0.866958  -10.873 0.882266
0.867109 -10.8644 0.882416
0.867259 -10.8558 0.882416
0.867409 -10.8473 0.882566
0.867559 -10.8387 0.882566
0.867709 -10.8301 0.882716
0.867859 -10.8215 0.882716
0.868009  -10.813 0.882866
0.868159 -10.8044 0.883017
0.868309 -10.7959 0.883017
0.868459 -10.7874 0.883167
0.868609 -10.7789 0.883167
0.868759 -10.7704 0.883317
0.868909 -10.7619 0.883317
 0.86906 -10.7534 0.883467
 0.86921 -10.7449 0.883467
 0.86936 -10.7364 0.883617
 0.86951 -10.7279 0.883617
 0.86966 -10.7195 0.883767
 0.86981  -10.711 0.883767
 0.86996 -10.7026 0.883917
 0.87011 -10.6942 0.883917
 0.87026 -10.6857 0.884067
 0.87041 -10.6773 0.884067
 0.87056 -10.6689 0.884217
 0.87071 -10.6605 0.884367
 0.87086 -10.6521 0.884367
0.871011 -10.6437 0.884517
0.871161 -10.6354 0.884517
0.871311  -10.627 0.884667
0.871461 -10.6186 0.884667
0.871611 -10.6103 0.884817
0.871761 -10.6019 0.884817
0.871911 -10.5936 0.884967
0.872061 -10.5853 0.884967
0.872211  -10.577 0.885118
0.872361 -10.5687 0.885118
0.872511 -10.5604 0.885268
0.872661 -10.5521 0.885268
0.872811 -10.5438 0.885418
0.872961 -10.5355 0.885418
0.873112 -10.5273 0.885568
0.873262  -10.519 0.885718
0.873412 -10.5107 0.885718
0.873562 -10.5025 0.885868
0.873712 -10.4943 0.885868
0.873862  -10.486 0.886018
0.874012 -10.4778 0.886018
0.874162 -10.4696 0.886168
0.874312 -10.4614 0.886168
0.874462 -10.4532 0.886318
0.874612  -10.445 0.886318
0.874762 -10.4369 0.886468
0.874912 -10.4287 0.886468
0.875063 -10.4205 0.886618
0.875213 -10.4124 0.886618
0.875363 -10.4043 0.886768
0.875513 -10.3961 0.886918
0.875663  -10.388 0.886918
0.875813 -10.3799 0.887069
0.875963 -10.3718 0.887069
0.876113 -10.3637 0.887219
0.876263 -10.3556 0.887219
0.876413 -10.3475 0.887369
0.876563 -10.3394 0.887369
0.876713 -10.3313 0.887519
0.876863 -10.3233 0.887519
0.877014 -10.3152 0.887669
0.877164 -10.3072 0.887669
0.877314 -10.2991 0.887819
0.877464 -10.2911 0.887819
0.877614 -10.2831 0.887969
0.877764 -10.2751 0.887969
0.877914 -10.2671 0.888119
0.878064 -10.2591 0.888269
0.878214 -10.2511 0.888269
0.878364 -10.2431 0.888419
0.878514 -10.2351 0.888419
0.878664 -10.2272 0.888569
0.878814 -10.2192 0.888569
0.878964 -10.2112 0.888719
0.879115 -10.2033 0.888719
0.879265 -10.1954 0.888869
0.879415 -10.1874 0.888869
0.879565 -10.1795  0.88902
0.879715 -10.1716  0.88902
0.879865 -10.1637  0.88917
0.880015 -10.1558  0.88917
0.880165 -10.1479  0.88932
0.880315   -10.14  0.88932
0.880465 -10.1322  0.88947
0.880615 -10.1243  0.88962
0.880765 -10.1165  0.88962
0.880915 -10.1086  0.88977
0.881066 -10.1008  0.88977
0.881216 -10.0929  0.88992
0.881366 -10.0851  0.88992
0.881516 -10.0773  0.89007
0.881666 -10.0695  0.89007
0.881816 -10.0617  0.89022
0.881966 -10.0539  0.89022
0.882116 -10.0461  0.89037
0.882266 -10.0383  0.89037
0.882416 -10.0305  0.89052
0.882566 -10.0228  0.89052
0.882716  -10.015  0.89067
0.882866 -10.0073  0.89082
0.883017 -9.99954  0.89082
0.883167 -9.99181  0.89097
0.883317 -9.98408  0.89097
0.883467 -9.97636 0.891121
0.883617 -9.96865 0.891121
0.883767 -9.96095 0.891271
0.883917 -9.95325 0.891271
0.884067 -9.94557 0.891421
0.884217 -9.93789 0.891421
0.884367 -9.93021 0.891571
0.884517 -9.92255 0.891571
0.884667 -9.91489 0.891721
0.884817 -9.90724 0.891721
0.884967  -9.8996 0.891871
0.885118 -9.89197 0.891871
0.885268 -9.88434 0.892021
0.885418 -9.87672 0.892171
0.885568 -9.86911 0.892171
0.885718  -9.8615 0.892321
0.885868 -9.85391 0.892321
0.886018 -9.84632 0.892471
0.886168 -9.83873 0.892471
0.886318 -9.83116 0.892621
0.886468 -9.82359 0.892621
0.886618 -9.81603 0.892771
0.886768 -9.80848 0.892771
0.886918 -9.80093 0.892921
0.887069  -9.7934 0.892921
0.887219 -9.78587 0.893072
0.887369 -9.77834 0.893072
0.887519 -9.77083 0.893222
0.887669 -9.76332 0.893222
0.887819 -9.75582 0.893372
0.887969 -9.74833 0.893522
0.888119 -9.74084 0.893522
0.888269 -9.73336 0.893672
0.888419 -9.72589 0.893672
0.888569 -9.71843 0.893822
0.888719 -9.71097 0.893822
0.888869 -9.70352 0.893972
 0.88902 -9.69608 0.893972
 0.88917 -9.68864 0.894122
 0.88932 -9.68121 0.894122
 0.88947 -9.67379 0.894272
 0.88962 -9.66638 0.894272
 0.88977 -9.65897 0.894422
 0.88992 -9.65158 0.894422
 0.89007 -9.64418 0.894572
 0.89022  -9.6368 0.894722
 0.89037 -9.62942 0.894722
 0.89052 -9.62205 0.894872
 0.89067 -9.61469 0.894872
 0.89082 -9.60734 0.895023
 0.89097 -9.59999 0.895023
0.891121 -9.59265 0.895173
0.891271 -9.58531 0.895173
0.891421 -9.57798 0.895323
0.891571 -9.57066 0.895323
0.891721 -9.56335 0.895473
0.891871 -9.55605 0.895473
0.892021 -9.54875 0.895623
0.892171 -9.54146 0.895623
0.892321 -9.53417 0.895773
0.892471  -9.5269 0.895773
0.892621 -9.51963 0.895923
0.892771 -9.51237 0.896073
0.892921 -9.50511 0.896073
0.893072 -9.49786 0.896223
0.893222 -9.49062 0.896223
0.893372 -9.48338 0.896373
0.893522 -9.47615 0.896373
0.893672 -9.46893 0.896523
0.893822 -9.46172 0.896523
0.893972 -9.45451 0.896673
0.894122 -9.44731 0.896673
0.894272 -9.44012 0.896823
0.894422 -9.43294 0.896823
0.894572 -9.42576 0.896973
0.894722 -9.41859 0.896973
0.894872 -9.41142 0.897124
0.895023 -9.40427 0.897124
0.895173 -9.39711 0.897274
0.895323 -9.38997 0.897424
0.895473 -9.38283 0.897424
0.895623  -9.3757 0.897574
0.895773 -9.36858 0.897574
0.895923 -9.36146 0.897724
0.896073 -9.35435 0.897724
0.896223 -9.34725 0.897874
0.896373 -9.34016 0.897874
0.896523 -9.33307 0.898024
0.896673 -9.32599 0.898024
0.896823 -9.31891 0.898174
0.896973 -9.31184 0.898174
0.897124 -9.30478 0.898324
0.897274 -9.29773 0.898324
0.897424 -9.29068 0.898474
0.897574 -9.28364 0.898474
0.897724  -9.2766 0.898624
0.897874 -9.26958 0.898774
0.898024 -9.26256 0.898774
0.898174 -9.25554 0.898924
0.898324 -9.24854 0.898924
0.898474 -9.24154 0.899075
0.898624 -9.23454 0.899075
0.898774 -9.22756 0.899225
0.898924 -9.22058 0.899225
0.899075  -9.2136 0.899375
0.899225 -9.20664 0.899375
0.899375 -9.19968 0.899525
0.899525 -9.19272 0.899525
0.899675 -9.18578 0.899675
0.899825 -9.17884 0.899675
0.899975  -9.1719 0.899825
0.900125 -9.16498 0.899825
0.900275 -9.15806 0.899975
0.900425 -9.15115 0.900125
0.900575 -9.14424 0.900125
0.900725 -9.13734 0.900275
0.900875 -9.13045 0.900275
0.901026 -9.12356 0.900425
0.901176 -9.11668 0.900425
0.901326 -9.10981 0.900575
0.901476 -9.10294 0.900575
0.901626 -9.09608 0.900725
0.901776 -9.08923 0.900725
0.901926 -9.08238 0.900875
0.902076 -9.07554 0.900875
0.902226 -9.06871 0.901026
0.902376 -9.06188 0.901026
0.902526 -9.05506 0.901176
0.902676 -9.04825 0.901176
0.902826 -9.04144 0.901326
0.902976 -9.03464 0.901476
0.903127 -9.02784 0.901476
0.903277 -9.02106 0.901626
0.903427 -9.01428 0.901626
0.903577  -9.0075 0.901776
0.903727 -9.00073 0.901776
0.903877 -8.99397 0.901926
0.904027 -8.98722 0.901926
0.904177 -8.98047 0.902076
0.904327 -8.97372 0.902076
0.904477 -8.96699 0.902226
0.904627 -8.96026 0.902226
0.904777 -8.95354 0.902376
0.904927 -8.94682 0.902376
0.905078 -8.94011 0.902526
0.905228 -8.93341 0.902526
0.905378 -8.92671 0.902676
0.905528 -8.92002 0.902826
0.905678 -8.91333 0.902826
0.905828 -8.90666 0.902976
0.905978 -8.89998 0.902976
0.906128 -8.89332 0.903127
0.906278 -8.88666 0.903127
0.906428 -8.88001 0.903277
0.906578 -8.87336 0.903277
0.906728 -8.86672 0.903427
0.906878 -8.86009 0.903427
0.907029 -8.85346 0.903577
0.907179 -8.84684 0.903577
0.907329 -8.84022 0.903727
0.907479 -8.83361 0.903727
0.907629 -8.82701 0.903877
0.907779 -8.82042 0.903877
0.907929 -8.81383 0.904027
0.908079 -8.80724 0.904177
0.908229 -8.80067 0.904177
0.908379  -8.7941 0.904327
0.908529 -8.78753 0.904327
0.908679 -8.78097 0.904477
0.908829 -8.77442 0.904477
0.908979 -8.76787 0.904627
 0.90913 -8.76134 0.904627
 0.90928  -8.7548 0.904777
 0.90943 -8.74828 0.904777
 0.90958 -8.74175 0.904927
 0.90973 -8.73524 0.904927
 0.90988 -8.72873 0.905078
 0.91003 -8.72223 0.905078
 0.91018 -8.71573 0.905228
 0.91033 -8.70924 0.905378
 0.91048 -8.70276 0.905378
 0.91063 -8.69628 0.905528
 0.91078 -8.68981 0.905528
 0.91093 -8.68334 0.905678
0.911081 -8.67688 0.905678
0.911231 -8.67043 0.905828
0.911381 -8.66398 0.905828
0.911531 -8.65754 0.905978
0.911681 -8.65111 0.905978
0.911831 -8.64468 0.906128
0.911981 -8.63826 0.906128
0.912131 -8.63184 0.906278
0.912281 -8.62543 0.906278
0.912431 -8.61903 0.906428
0.912581 -8.61263 0.906428
0.912731 -8.60624 0.906578
0.912881 -8.59985 0.906728
0.913032 -8.59347 0.906728
0.913182  -8.5871 0.906878
0.913332 -8.58073 0.906878
0.913482 -8.57437 0.907029
0.913632 -8.56801 0.907029
0.913782 -8.56166 0.907179
0.913932 -8.55532 0.907179
0.914082 -8.54898 0.907329
0.914232 -8.54265 0.907329
0.914382 -8.53632 0.907479
0.914532    -8.53 0.907479
0.914682 -8.52368 0.907629
0.914832 -8.51738 0.907629
0.914982 -8.51107 0.907779
0.915133 -8.50478 0.907779
0.915283 -8.49849 0.907929
0.915433 -8.49221 0.907929
0.915583 -8.48592 0.908079
0.915733 -8.47965 0.908229
0.915883 -8.47339 0.908229
0.916033 -8.46713 0.908379
0.916183 -8.46087 0.908379
0.916333 -8.45462 0.908529
0.916483 -8.44838 0.908529
0.916633 -8.44214 0.908679
0.916783 -8.43591 0.908679
0.916933 -8.42968 0.908829
0.917084 -8.42347 0.908829
0.917234 -8.41725 0.908979
0.917384 -8.41104 0.908979
0.917534 -8.40484  0.90913
0.917684 -8.39865  0.90913
0.917834 -8.39245  0.90928
0.917984 -8.38627  0.90928
0.918134 -8.38009  0.90943
0.918284 -8.37392  0.90958
0.918434 -8.36775  0.90958
0.918584 -8.36159  0.90973
0.918734 -8.35543  0.90973
0.918884 -8.34928  0.90988
0.919035 -8.34314  0.90988
0.919185   -8.337  0.91003
0.919335 -8.33087  0.91003
0.919485 -8.32474  0.91018
0.919635 -8.31862  0.91018
0.919785 -8.31251  0.91033
0.919935  -8.3064  0.91033
0.920085 -8.30029  0.91048
0.920235  -8.2942  0.91048
0.920385  -8.2881  0.91063
0.920535 -8.28202  0.91063
0.920685 -8.27593  0.91078
0.920835 -8.26986  0.91093
0.920985 -8.26379  0.91093
0.921136 -8.25773 0.911081
0.921286 -8.25167 0.911081
0.921436 -8.24562 0.911231
0.921586 -8.23957 0.911231
0.921736 -8.23353 0.911381
0.921886 -8.22749 0.911381
0.922036 -8.22146 0.911531
0.922186 -8.21544 0.911531
0.922336 -8.20942 0.911681
0.922486 -8.20341 0.911681
0.922636  -8.1974 0.911831
0.922786  -8.1914 0.911831
0.922936  -8.1854 0.911981
0.923087 -8.17941 0.911981
0.923237 -8.17342 0.912131
0.923387 -8.16745 0.912281
0.923537 -8.16147 0.912281
0.923687  -8.1555 0.912431
0.923837 -8.14954 0.912431
0.923987 -8.14358 0.912581
0.924137 -8.13763 0.912581
0.924287 -8.13168 0.912731
0.924437 -8.12574 0.912731
0.924587 -8.11981 0.912881
0.924737 -8.11388 0.912881
0.924887 -8.10795 0.913032
0.925038 -8.10204 0.913032
0.925188 -8.09612 0.913182
0.925338 -8.09022 0.913182
0.925488 -8.08431 0.913332
0.925638 -8.07842 0.913332
0.925788 -8.07253 0.913482
0.925938 -8.06664 0.913632
0.926088 -8.06076 0.913632
0.926238 -8.05489 0.913782
0.926388 -8.04902 0.913782
0.926538 -8.04315 0.913932
0.926688 -8.03729 0.913932
0.926838 -8.03144 0.914082
0.926988 -8.02559 0.914082
0.927139 -8.01975 0.914232
0.927289 -8.01392 0.914232
0.927439 -8.00808 0.914382
0.927589 -8.00226 0.914382
0.927739 -7.99644 0.914532
0.927889 -7.99062 0.914532
0.928039 -7.98481 0.914682
0.928189 -7.97901 0.914682
0.928339 -7.97321 0.914832
0.928489 -7.96742 0.914982
0.928639 -7.96163 0.914982
0.928789 -7.95585 0.915133
0.928939 -7.95007 0.915133
 0.92909  -7.9443 0.915283
 0.92924 -7.93853 0.915283
 0.92939 -7.93277 0.915433
 0.92954 -7.92701 0.915433
 0.92969 -7.92126 0.915583
 0.92984 -7.91552 0.915583
 0.92999 -7.90978 0.915733
 0.93014 -7.90404 0.915733
 0.93029 -7.89831 0.915883
 0.93044 -7.89259 0.915883
 0.93059 -7.88687 0.916033
 0.93074 -7.88116 0.916033
 0.93089 -7.87545 0.916183
0.931041 -7.86975 0.916333
0.931191 -7.86405 0.916333
0.931341 -7.85836 0.916483
0.931491 -7.85267 0.916483
0.931641 -7.84699 0.916633
0.931791 -7.84131 0.916633
0.931941 -7.83564 0.916783
0.932091 -7.82997 0.916783
0.932241 -7.82431 0.916933
0.932391 -7.81866 0.916933
0.932541   -7.813 0.917084
0.932691 -7.80736 0.917084
0.932841 -7.80172 0.917234
0.932991 -7.79609 0.917234
0.933142 -7.79045 0.917384
0.933292 -7.78483 0.917384
0.933442 -7.77921 0.917534
0.933592  -7.7736 0.917684
0.933742 -7.76799 0.917684
0.933892 -7.76238 0.917834
0.934042 -7.75678 0.917834
0.934192 -7.75119 0.917984
0.934342  -7.7456 0.917984
0.934492 -7.74002 0.918134
0.934642 -7.73444 0.918134
0.934792 -7.72887 0.918284
0.934942  -7.7233 0.918284
0.935093 -7.71774 0.918434
0.935243 -7.71218 0.918434
0.935393 -7.70663 0.918584
0.935543 -7.70108 0.918584
0.935693 -7.69554 0.918734
0.935843    -7.69 0.918734
0.935993 -7.68447 0.918884
0.936143 -7.67894 0.918884
0.936293 -7.67342 0.919035
0.936443  -7.6679 0.919185
0.936593 -7.66239 0.919185
0.936743 -7.65688 0.919335
0.936893 -7.65138 0.919335
0.937044 -7.64588 0.919485
0.937194 -7.64039 0.919485
0.937344  -7.6349 0.919635
0.937494 -7.62942 0.919635
0.937644 -7.62394 0.919785
0.937794 -7.61847 0.919785
0.937944 -7.61301 0.919935
0.938094 -7.60754 0.919935
0.938244 -7.60209 0.920085
0.938394 -7.59664 0.920085
0.938544 -7.59119 0.920235
0.938694 -7.58575 0.920235
0.938844 -7.58031 0.920385
0.938994 -7.57488 0.920535
0.939145 -7.56945 0.920535
0.939295 -7.56403 0.920685
0.939445 -7.55861 0.920685
0.939595  -7.5532 0.920835
0.939745 -7.54779 0.920835
0.939895 -7.54239 0.920985
0.940045 -7.53699 0.920985
0.940195  -7.5316 0.921136
0.940345 -7.52621 0.921136
0.940495 -7.52083 0.921286
0.940645 -7.51545 0.921286
0.940795 -7.51008 0.921436
0.940945 -7.50471 0.921436
0.941096 -7.49935 0.921586
0.941246 -7.49399 0.921586
0.941396 -7.48864 0.921736
0.941546 -7.48329 0.921886
0.941696 -7.47795 0.921886
0.941846 -7.47261 0.922036
0.941996 -7.46727 0.922036
0.942146 -7.46195 0.922186
0.942296 -7.45662 0.922186
0.942446  -7.4513 0.922336
0.942596 -7.44599 0.922336
0.942746 -7.44068 0.922486
0.942896 -7.43537 0.922486
0.943047 -7.43007 0.922636
0.943197 -7.42478 0.922636
0.943347 -7.41949 0.922786
0.943497  -7.4142 0.922786
0.943647 -7.40892 0.922936
0.943797 -7.40365 0.922936
0.943947 -7.39838 0.923087
0.944097 -7.39311 0.923237
0.944247 -7.38785 0.923237
0.944397 -7.38259 0.923387
0.944547 -7.37734 0.923387
0.944697 -7.37209 0.923537
0.944847 -7.36685 0.923537
0.944997 -7.36161 0.923687
0.945148 -7.35638 0.923687
0.945298 -7.35115 0.923837
0.945448 -7.34593 0.923837
0.945598 -7.34071 0.923987
0.945748  -7.3355 0.923987
0.945898 -7.33029 0.924137
0.946048 -7.32508 0.924137
0.946198 -7.31988 0.924287
0.946348 -7.31469 0.924287
0.946498  -7.3095 0.924437
0.946648 -7.30431 0.924437
0.946798 -7.29913 0.924587
0.946948 -7.29395 0.924737
0.947099 -7.28878 0.924737
0.947249 -7.28361 0.924887
0.947399 -7.27845 0.924887
0.947549 -7.27329 0.925038
0.947699 -7.26814 0.925038
0.947849 -7.26299 0.925188
0.947999 -7.25785 0.925188
0.948149 -7.25271 0.925338
0.948299 -7.24758 0.925338
0.948449 -7.24245 0.925488
0.948599 -7.23732 0.925488
0.948749  -7.2322 0.925638
0.948899 -7.22708 0.925638
 0.94905 -7.22197 0.925788
  0.9492 -7.21687 0.925788
 0.94935 -7.21176 0.925938
  0.9495 -7.20667 0.926088
 0.94965 -7.20157 0.926088
  0.9498 -7.19649 0.926238
 0.94995  -7.1914 0.926238
  0.9501 -7.18632 0.926388
 0.95025 -7.18125 0.926388
  0.9504 -7.17618 0.926538
 0.95055 -7.17111 0.926538
  0.9507 -7.16605 0.926688
 0.95085 -7.16099 0.926688
0.951001 -7.15594 0.926838
0.951151  -7.1509 0.926838
0.951301 -7.14585 0.926988
0.951451 -7.14082 0.926988
0.951601 -7.13578 0.927139
0.951751 -7.13075 0.927139
0.951901 -7.12573 0.927289
0.952051 -7.12071 0.927289
0.952201 -7.11569 0.927439
0.952351 -7.11068 0.927589
0.952501 -7.10567 0.927589
0.952651 -7.10067 0.927739
0.952801 -7.09567 0.927739
0.952951 -7.09068 0.927889
0.953102 -7.08569 0.927889
0.953252 -7.08071 0.928039
0.953402 -7.07573 0.928039
0.953552 -7.07075 0.928189
0.953702 -7.06578 0.928189
0.953852 -7.06082 0.928339
0.954002 -7.05585 0.928339
0.954152  -7.0509 0.928489
0.954302 -7.04594 0.928489
0.954452 -7.04099 0.928639
0.954602 -7.03605 0.928639
0.954752 -7.03111 0.928789
0.954902 -7.02618 0.928939
0.955053 -7.02124 0.928939
0.955203 -7.01632  0.92909
0.955353  -7.0114  0.92909
0.955503 -7.00648  0.92924
0.955653 -7.00157  0.92924
0.955803 -6.99666  0.92939
0.955953 -6.99175  0.92939
0.956103 -6.98685  0.92954
0.956253 -6.98196  0.92954
0.956403 -6.97706  0.92969
0.956553 -6.97218  0.92969
0.956703 -6.96729  0.92984
0.956853 -6.96242  0.92984
0.957004 -6.95754  0.92999
0.957154 -6.95267  0.92999
0.957304 -6.94781  0.93014
0.957454 -6.94295  0.93029
0.957604 -6.93809  0.93029
0.957754 -6.93324  0.93044
0.957904 -6.92839  0.93044
0.958054 -6.92355  0.93059
0.958204 -6.91871  0.93059
0.958354 -6.91387  0.93074
0.958504 -6.90904  0.93074
0.958654 -6.90422  0.93089
0.958804 -6.89939  0.93089
0.958954 -6.89458 0.931041
0.959105 -6.88976 0.931041
0.959255 -6.88495 0.931191
0.959405 -6.88015 0.931191
0.959555 -6.87535 0.931341
0.959705 -6.87055 0.931341
0.959855 -6.86576 0.931491
0.960005 -6.86097 0.931491
0.960155 -6.85619 0.931641
0.960305 -6.85141 0.931791
0.960455 -6.84663 0.931791
0.960605 -6.84186 0.931941
0.960755  -6.8371 0.931941
0.960905 -6.83233 0.932091
0.961056 -6.82758 0.932091
0.961206 -6.82282 0.932241
0.961356 -6.81807 0.932241
0.961506 -6.81333 0.932391
0.961656 -6.80859 0.932391
0.961806 -6.80385 0.932541
0.961956 -6.79912 0.932541
0.962106 -6.79439 0.932691
0.962256 -6.78966 0.932691
0.962406 -6.78494 0.932841
0.962556 -6.78023 0.932841
0.962706 -6.77551 0.932991
0.962856 -6.77081 0.933142
0.963007  -6.7661 0.933142
0.963157  -6.7614 0.933292
0.963307 -6.75671 0.933292
0.963457 -6.75202 0.933442
0.963607 -6.74733 0.933442
0.963757 -6.74265 0.933592
0.963907 -6.73797 0.933592
0.964057 -6.73329 0.933742
0.964207 -6.72862 0.933742
0.964357 -6.72396 0.933892
0.964507  -6.7193 0.933892
0.964657 -6.71464 0.934042
0.964807 -6.70998 0.934042
0.964957 -6.70533 0.934192
0.965108 -6.70069 0.934192
0.965258 -6.69605 0.934342
0.965408 -6.69141 0.934342
0.965558 -6.68677 0.934492
0.965708 -6.68215 0.934642
0.965858 -6.67752 0.934642
0.966008  -6.6729 0.934792
0.966158 -6.66828 0.934792
0.966308 -6.66367 0.934942
0.966458 -6.65906 0.934942
0.966608 -6.65446 0.935093
0.966758 -6.64985 0.935093
0.966908 -6.64526 0.935243
0.967059 -6.64067 0.935243
0.967209 -6.63608 0.935393
0.967359 -6.63149 0.935393
0.967509 -6.62691 0.935543
0.967659 -6.62234 0.935543
0.967809 -6.61776 0.935693
0.967959 -6.61319 0.935693
0.968109 -6.60863 0.935843
0.968259 -6.60407 0.935993
0.968409 -6.59951 0.935993
0.968559 -6.59496 0.936143
0.968709 -6.59041 0.936143
0.968859 -6.58587 0.936293
 0.96901 -6.58133 0.936293
 0.96916 -6.57679 0.936443
 0.96931 -6.57226 0.936443
 0.96946 -6.56773 0.936593
 0.96961  -6.5632 0.936593
 0.96976 -6.55868 0.936743
 0.96991 -6.55417 0.936743
 0.97006 -6.54965 0.936893
 0.97021 -6.54515 0.936893
 0.97036 -6.54064 0.937044
 0.97051 -6.53614 0.937044
 0.97066 -6.53164 0.937194
 0.97081 -6.52715 0.937194
 0.97096 -6.52266 0.937344
0.971111 -6.51818 0.937494
0.971261  -6.5137 0.937494
0.971411 -6.50922 0.937644
0.971561 -6.50475 0.937644
0.971711 -6.50028 0.937794
0.971861 -6.49581 0.937794
0.972011 -6.49135 0.937944
0.972161 -6.48689 0.937944
0.972311 -6.48244 0.938094
0.972461 -6.47799 0.938094
0.972611 -6.47354 0.938244
0.972761  -6.4691 0.938244
0.972911 -6.46466 0.938394
0.973062 -6.46023 0.938394
0.973212  -6.4558 0.938544
0.973362 -6.45137 0.938544
0.973512 -6.44695 0.938694
0.973662 -6.44253 0.938694
0.973812 -6.43811 0.938844
0.973962 -6.43371 0.938994
0.974112  -6.4293 0.938994
0.974262 -6.42489 0.939145
0.974412 -6.42049 0.939145
0.974562  -6.4161 0.939295
0.974712 -6.41171 0.939295
0.974862 -6.40732 0.939445
0.975013 -6.40293 0.939445
0.975163 -6.39855 0.939595
0.975313 -6.39418 0.939595
0.975463 -6.38981 0.939745
0.975613 -6.38544 0.939745
0.975763 -6.38107 0.939895
0.975913 -6.37671 0.939895
0.976063 -6.37235 0.940045
0.976213   -6.368 0.940045
0.976363 -6.36365 0.940195
0.976513  -6.3593 0.940345
0.976663 -6.35496 0.940345
0.976813 -6.35062 0.940495
0.976963 -6.34629 0.940495
0.977114 -6.34196 0.940645
0.977264 -6.33763 0.940645
0.977414 -6.33331 0.940795
0.977564 -6.32899 0.940795
0.977714 -6.32467 0.940945
0.977864 -6.32036 0.940945
0.978014 -6.31605 0.941096
0.978164 -6.31174 0.941096
0.978314 -6.30744 0.941246
0.978464 -6.30315 0.941246
0.978614 -6.29885 0.941396
0.978764 -6.29456 0.941396
0.978914 -6.29028 0.941546
0.979065   -6.286 0.941546
0.979215 -6.28172 0.941696
0.979365 -6.27744 0.941846
0.979515 -6.27317 0.941846
0.979665  -6.2689 0.941996
0.979815 -6.26464 0.941996
0.979965 -6.26038 0.942146
0.980115 -6.25612 0.942146
0.980265 -6.25187 0.942296
0.980415 -6.24762 0.942296
0.980565 -6.24337 0.942446
0.980715 -6.23913 0.942446
0.980865  -6.2349 0.942596
0.981016 -6.23066 0.942596
0.981166 -6.22643 0.942746
0.981316  -6.2222 0.942746
0.981466 -6.21798 0.942896
0.981616 -6.21376 0.942896
0.981766 -6.20954 0.943047
0.981916 -6.20533 0.943047
0.982066 -6.20112 0.943197
0.982216 -6.19692 0.943347
0.982366 -6.19272 0.943347
0.982516 -6.18852 0.943497
0.982666 -6.18432 0.943497
0.982816 -6.18013 0.943647
0.982966 -6.17595 0.943647
0.983117 -6.17176 0.943797
0.983267 -6.16758 0.943797
0.983417 -6.16341 0.943947
0.983567 -6.15923 0.943947
0.983717 -6.15507 0.944097
0.983867  -6.1509 0.944097
0.984017 -6.14674 0.944247
0.984167 -6.14258 0.944247
0.984317 -6.13843 0.944397
0.984467 -6.13428 0.944397
0.984617 -6.13013 0.944547
0.984767 -6.12598 0.944697
0.984917 -6.12184 0.944697
0.985068 -6.11771 0.944847
0.985218 -6.11357 0.944847
0.985368 -6.10944 0.944997
0.985518 -6.10532 0.944997
0.985668 -6.10119 0.945148
0.985818 -6.09708 0.945148
0.985968 -6.09296 0.945298
0.986118 -6.08885 0.945298
0.986268 -6.08474 0.945448
0.986418 -6.08064 0.945448
0.986568 -6.07653 0.945598
0.986718 -6.07244 0.945598
0.986868 -6.06834 0.945748
0.987019 -6.06425 0.945748
0.987169 -6.06016 0.945898
0.987319 -6.05608 0.945898
0.987469   -6.052 0.946048
0.987619 -6.04792 0.946198
0.987769 -6.04385 0.946198
0.987919 -6.03978 0.946348
0.988069 -6.03571 0.946348
0.988219 -6.03165 0.946498
0.988369 -6.02759 0.946498
0.988519 -6.02354 0.946648
0.988669 -6.01948 0.946648
0.988819 -6.01544 0.946798
0.988969 -6.01139 0.946798
 0.98912 -6.00735 0.946948
 0.98927 -6.00331 0.946948
 0.98942 -5.99927 0.947099
 0.98957 -5.99524 0.947099
 0.98972 -5.99122 0.947249
 0.98987 -5.98719 0.947249
 0.99002 -5.98317 0.947399
 0.99017 -5.97915 0.947399
 0.99032 -5.97514 0.947549
 0.99047 -5.97113 0.947699
 0.99062 -5.96712 0.947699
 0.99077 -5.96312 0.947849
 0.99092 -5.95911 0.947849
0.991071 -5.95512 0.947999
0.991221 -5.95112 0.947999
0.991371 -5.94713 0.948149
0.991521 -5.94315 0.948149
0.991671 -5.93916 0.948299
0.991821 -5.93518 0.948299
0.991971 -5.93121 0.948449
0.992121 -5.92723 0.948449
0.992271 -5.92326 0.948599
0.992421  -5.9193 0.948599
0.992571 -5.91533 0.948749
0.992721 -5.91138 0.948749
0.992871 -5.90742 0.948899
0.993022 -5.90347 0.948899
0.993172 -5.89952  0.94905
0.993322 -5.89557   0.9492
0.993472 -5.89163   0.9492
0.993622 -5.88769  0.94935
0.993772 -5.88375  0.94935
0.993922 -5.87982   0.9495
0.994072 -5.87589   0.9495
0.994222 -5.87196  0.94965
0.994372 -5.86804  0.94965
0.994522 -5.86412   0.9498
0.994672  -5.8602   0.9498
0.994822 -5.85629  0.94995
0.994972 -5.85238  0.94995
0.995123 -5.84848   0.9501
0.995273 -5.84457   0.9501
0.995423 -5.84067  0.95025
0.995573 -5.83678  0.95025
0.995723 -5.83288   0.9504
0.995873   -5.829   0.9504
0.996023 -5.82511  0.95055
0.996173 -5.82123   0.9507
0.996323 -5.81735   0.9507
0.996473 -5.81347  0.95085
0.996623  -5.8096  0.95085
0.996773 -5.80573 0.951001
0.996923 -5.80186 0.951001
0.997074   -5.798 0.951151
0.997224 -5.79414 0.951151
0.997374 -5.79028 0.951301
0.997524 -5.78643 0.951301
0.997674 -5.78258 0.951451
0.997824 -5.77873 0.951451
0.997974 -5.77489 0.951601
0.998124 -5.77105 0.951601
0.998274 -5.76721 0.951751
0.998424 -5.76338 0.951751
0.998574 -5.75954 0.951901
0.998724 -5.75572 0.952051
0.998874 -5.75189 0.952051
0.999025 -5.74807 0.952201
0.999175 -5.74425 0.952201
0.999325 -5.74044 0.952351
0.999475 -5.73663 0.952351
0.999625 -5.73282 0.952501
0.999775 -5.72902 0.952501
0.999925 -5.72522 0.952651
 1.00008 -5.72142 0.952651
 1.00023 -5.71762 0.952801
 1.00038 -5.71383 0.952801
 1.00053 -5.71004 0.952951
 1.00068 -5.70626 0.952951
 1.00083 -5.70247 0.953102
 1.00098  -5.6987 0.953102
 1.00113 -5.69492 0.953252
 1.00128 -5.69115 0.953252
 1.00143 -5.68738 0.953402
 1.00158 -5.68361 0.953552
 1.00173 -5.67985 0.953552
 1.00188 -5.67609 0.953702
 1.00203 -5.67233 0.953702
 1.00218 -5.66858 0.953852
 1.00233 -5.66483 0.953852
 1.00248 -5.66108 0.954002
 1.00263 -5.65733 0.954002
 1.00278 -5.65359 0.954152
 1.00293 -5.64986 0.954152
 1.00308 -5.64612 0.954302
 1.00323 -5.64239 0.954302
 1.00338 -5.63866 0.954452
 1.00353 -5.63494 0.954452
 1.00368 -5.63121 0.954602
 1.00383  -5.6275 0.954602
 1.00398 -5.62378 0.954752
 1.00413 -5.62007 0.954752
 1.00428 -5.61636 0.954902
 1.00443 -5.61265 0.955053
 1.00458 -5.60895 0.955053
 1.00473 -5.60525 0.955203
 1.00488 -5.60155 0.955203
 1.00503 -5.59786 0.955353
 1.00518 -5.59416 0.955353
 1.00533 -5.59048 0.955503
 1.00548 -5.58679 0.955503
 1.00563 -5.58311 0.955653
 1.00578 -5.57943 0.955653
 1.00593 -5.57576 0.955803
 1.00608 -5.57208 0.955803
 1.00623 -5.56841 0.955953
 1.00638 -5.56475 0.955953
 1.00653 -5.56108 0.956103
 1.00668 -5.55743 0.956103
 1.00683 -5.55377 0.956253
 1.00698 -5.55011 0.956253
 1.00713 -5.54646 0.956403
 1.00728 -5.54282 0.956553
 1.00743 -5.53917 0.956553
 1.00758 -5.53553 0.956703
 1.00773 -5.53189 0.956703
 1.00788 -5.52825 0.956853
 1.00803 -5.52462 0.956853
 1.00818 -5.52099 0.957004
 1.00833 -5.51737 0.957004
 1.00848 -5.51374 0.957154
 1.00863 -5.51012 0.957154
 1.00878  -5.5065 0.957304
 1.00893 -5.50289 0.957304
 1.00908 -5.49928 0.957454
 1.00923 -5.49567 0.957454
 1.00938 -5.49206 0.957604
 1.00953 -5.48846 0.957604
 1.00968 -5.48486 0.957754
 1.00983 -5.48127 0.957754
 1.00998 -5.47767 0.957904
 1.01013 -5.47408 0.958054
 1.01028  -5.4705 0.958054
 1.01043 -5.46691 0.958204
 1.01058 -5.46333 0.958204
 1.01073 -5.45975 0.958354
 1.01088 -5.45618 0.958354
 1.01103 -5.45261 0.958504
 1.01118 -5.44904 0.958504
 1.01133 -5.44547 0.958654
 1.01148 -5.44191 0.958654
 1.01163 -5.43835 0.958804
 1.01178 -5.43479 0.958804
 1.01193 -5.43123 0.958954
 1.01208 -5.42768 0.958954
 1.01223 -5.42413 0.959105
 1.01238 -5.42059 0.959105
 1.01253 -5.41704 0.959255
 1.01268 -5.41351 0.959255
 1.01283 -5.40997 0.959405
 1.01298 -5.40644 0.959555
 1.01313  -5.4029 0.959555
 1.01328 -5.39938 0.959705
 1.01343 -5.39585 0.959705
 1.01358 -5.39233 0.959855
 1.01373 -5.38881 0.959855
 1.01388 -5.38529 0.960005
 1.01403 -5.38178 0.960005
 1.01418 -5.37827 0.960155
 1.01433 -5.37476 0.960155
 1.01448 -5.37126 0.960305
 1.01463 -5.36776 0.960305
 1.01478 -5.36426 0.960455
 1.01493 -5.36076 0.960455
 1.01508 -5.35727 0.960605
 1.01523 -5.35378 0.960605
 1.01538 -5.35029 0.960755
 1.01553 -5.34681 0.960755
 1.01568 -5.34333 0.960905
 1.01583 -5.33985 0.961056
 1.01598 -5.33637 0.961056
 1.01613  -5.3329 0.961206
 1.01628 -5.32943 0.961206
 1.01643 -5.32596 0.961356
 1.01658  -5.3225 0.961356
 1.01673 -5.31904 0.961506
 1.01688 -5.31558 0.961506
 1.01703 -5.31212 0.961656
 1.01718 -5.30867 0.961656
 1.01733 -5.30522 0.961806
 1.01748 -5.30177 0.961806
 1.01763 -5.29833 0.961956
 1.01778 -5.29489 0.961956
 1.01793 -5.29145 0.962106
 1.01808 -5.28802 0.962106
 1.01823 -5.28458 0.962256
 1.01838 -5.28115 0.962256
 1.01853 -5.27773 0.962406
 1.01868  -5.2743 0.962556
 1.01883 -5.27088 0.962556
 1.01898 -5.26746 0.962706
 1.01913 -5.26405 0.962706
 1.01928 -5.26063 0.962856
 1.01943 -5.25722 0.962856
 1.01958 -5.25382 0.963007
 1.01973 -5.25041 0.963007
 1.01988 -5.24701 0.963157
 1.02004 -5.24361 0.963157
 1.02019 -5.24022 0.963307
 1.02034 -5.23682 0.963307
 1.02049 -5.23343 0.963457
 1.02064 -5.23004 0.963457
 1.02079 -5.22666 0.963607
 1.02094 -5.22328 0.963607
 1.02109  -5.2199 0.963757
 1.02124 -5.21652 0.963757
 1.02139 -5.21315 0.963907
 1.02154 -5.20978 0.963907
 1.02169 -5.20641 0.964057
 1.02184 -5.20304 0.964207
 1.02199 -5.19968 0.964207
 1.02214 -5.19632 0.964357
 1.02229 -5.19296 0.964357
 1.02244 -5.18961 0.964507
 1.02259 -5.18626 0.964507
 1.02274 -5.18291 0.964657
 1.02289 -5.17956 0.964657
 1.02304 -5.17622 0.964807
 1.02319 -5.17288 0.964807
 1.02334 -5.16954 0.964957
 1.02349 -5.16621 0.964957
 1.02364 -5.16288 0.965108
 1.02379 -5.15955 0.965108
 1.02394 -5.15622 0.965258
 1.02409  -5.1529 0.965258
 1.02424 -5.14957 0.965408
 1.02439 -5.14626 0.965408
 1.02454 -5.14294 0.965558
 1.02469 -5.13963 0.965708
 1.02484 -5.13632 0.965708
 1.02499 -5.13301 0.965858
 1.02514  -5.1297 0.965858
 1.02529  -5.1264 0.966008
 1.02544  -5.1231 0.966008
 1.02559 -5.11981 0.966158
 1.02574 -5.11651 0.966158
 1.02589 -5.11322 0.966308
 1.02604 -5.10993 0.966308
 1.02619 -5.10664 0.966458
 1.02634 -5.10336 0.966458
 1.02649 -5.10008 0.966608
 1.02664  -5.0968 0.966608
 1.02679 -5.09353 0.966758
 1.02694 -5.09026 0.966758
 1.02709 -5.08698 0.966908
 1.02724 -5.08372 0.966908
 1.02739 -5.08045 0.967059
 1.02754 -5.07719 0.967209
 1.02769 -5.07393 0.967209
 1.02784 -5.07068 0.967359
 1.02799 -5.06742 0.967359
 1.02814 -5.06417 0.967509
 1.02829 -5.06092 0.967509
 1.02844 -5.05768 0.967659
 1.02859 -5.05443 0.967659
 1.02874 -5.05119 0.967809
 1.02889 -5.04795 0.967809
 1.02904 -5.04472 0.967959
 1.02919 -5.04149 0.967959
 1.02934 -5.03826 0.968109
 1.02949 -5.03503 0.968109
 1.02964  -5.0318 0.968259
 1.02979 -5.02858 0.968259
 1.02994 -5.02536 0.968409
 1.03009 -5.02215 0.968409
 1.03024 -5.01893 0.968559
 1.03039 -5.01572 0.968709
 1.03054 -5.01251 0.968709
 1.03069  -5.0093 0.968859
 1.03084  -5.0061 0.968859
 1.03099  -5.0029  0.96901
 1.03114  -4.9997  0.96901
 1.03129  -4.9965  0.96916
 1.03144 -4.99331  0.96916
 1.03159 -4.99012  0.96931
 1.03174 -4.98693  0.96931
 1.03189 -4.98375  0.96946
 1.03204 -4.98056  0.96946
 1.03219 -4.97738  0.96961
 1.03234  -4.9742  0.96961
 1.03249 -4.97103  0.96976
 1.03264 -4.96786  0.96976
 1.03279 -4.96469  0.96991
 1.03294 -4.96152  0.96991
 1.03309 -4.95835  0.97006
 1.03324 -4.95519  0.97021
 1.03339 -4.95203  0.97021
 1.03354 -4.94887  0.97036
 1.03369 -4.94572  0.97036
 1.03384 -4.94257  0.97051
 1.03399 -4.93942  0.97051
 1.03414 -4.93627  0.97066
 1.03429 -4.93313  0.97066
 1.03444 -4.92998  0.97081
 1.03459 -4.92684  0.97081
 1.03474 -4.92371  0.97096
 1.03489 -4.92057  0.97096
 1.03504 -4.91744 0.971111
 1.03519 -4.91431 0.971111
 1.03534 -4.91119 0.971261
 1.03549 -4.90806 0.971261
 1.03564 -4.90494 0.971411
 1.03579 -4.90182 0.971411
 1.03594  -4.8987 0.971561
 1.03609 -4.89559 0.971561
 1.03624 -4.89248 0.971711
 1.03639 -4.88937 0.971861
 1.03654 -4.88626 0.971861
 1.03669 -4.88316 0.972011
 1.03684 -4.88006 0.972011
 1.03699 -4.87696 0.972161
 1.03714 -4.87386 0.972161
 1.03729 -4.87077 0.972311
 1.03744 -4.86768 0.972311
 1.03759 -4.86459 0.972461
 1.03774  -4.8615 0.972461
 1.03789 -4.85842 0.972611
 1.03804 -4.85534 0.972611
 1.03819 -4.85226 0.972761
 1.03834 -4.84918 0.972761
 1.03849 -4.84611 0.972911
 1.03864 -4.84304 0.972911
 1.03879 -4.83997 0.973062
 1.03894  -4.8369 0.973062
 1.03909 -4.83384 0.973212
 1.03924 -4.83078 0.973362
 1.03939 -4.82772 0.973362
 1.03954 -4.82466 0.973512
 1.03969 -4.82161 0.973512
 1.03984 -4.81855 0.973662
 1.03999 -4.81551 0.973662
 1.04015 -4.81246 0.973812
  1.0403 -4.80941 0.973812
 1.04045 -4.80637 0.973962
  1.0406 -4.80333 0.973962
 1.04075  -4.8003 0.974112
  1.0409 -4.79726 0.974112
 1.04105 -4.79423 0.974262
  1.0412  -4.7912 0.974262
 1.04135 -4.78817 0.974412
  1.0415 -4.78515 0.974412
 1.04165 -4.78213 0.974562
  1.0418 -4.77911 0.974562
 1.04195 -4.77609 0.974712
  1.0421 -4.77307 0.974862
 1.04225 -4.77006 0.974862
  1.0424 -4.76705 0.975013
 1.04255 -4.76404 0.975013
  1.0427 -4.76104 0.975163
 1.04285 -4.75803 0.975163
   1.043 -4.75503 0.975313
 1.04315 -4.75204 0.975313
  1.0433 -4.74904 0.975463
 1.04345 -4.74605 0.975463
  1.0436 -4.74306 0.975613
 1.04375 -4.74007 0.975613
  1.0439 -4.73708 0.975763
 1.04405  -4.7341 0.975763
  1.0442 -4.73112 0.975913
 1.04435 -4.72814 0.975913
  1.0445 -4.72516 0.976063
 1.04465 -4.72219 0.976063
  1.0448 -4.71921 0.976213
 1.04495 -4.71625 0.976213
  1.0451 -4.71328 0.976363
 1.04525 -4.71031 0.976513
  1.0454 -4.70735 0.976513
 1.04555 -4.70439 0.976663
  1.0457 -4.70143 0.976663
 1.04585 -4.69848 0.976813
   1.046 -4.69553 0.976813
 1.04615 -4.69258 0.976963
  1.0463 -4.68963 0.976963
 1.04645 -4.68668 0.977114
  1.0466 -4.68374 0.977114
 1.04675  -4.6808 0.977264
  1.0469 -4.67786 0.977264
 1.04705 -4.67492 0.977414
  1.0472 -4.67199 0.977414
 1.04735 -4.66906 0.977564
  1.0475 -4.66613 0.977564
 1.04765  -4.6632 0.977714
  1.0478 -4.66028 0.977714
 1.04795 -4.65735 0.977864
  1.0481 -4.65443 0.978014
 1.04825 -4.65152 0.978014
  1.0484  -4.6486 0.978164
 1.04855 -4.64569 0.978164
  1.0487 -4.64278 0.978314
 1.04885 -4.63987 0.978314
   1.049 -4.63696 0.978464
 1.04915 -4.63406 0.978464
  1.0493 -4.63116 0.978614
 1.04945 -4.62826 0.978614
  1.0496 -4.62536 0.978764
 1.04975 -4.62247 0.978764
  1.0499 -4.61958 0.978914
 1.05005 -4.61669 0.978914
  1.0502  -4.6138 0.979065
 1.05035 -4.61091 0.979065
  1.0505 -4.60803 0.979215
 1.05065 -4.60515 0.979215
  1.0508 -4.60227 0.979365
 1.05095  -4.5994 0.979515
  1.0511 -4.59652 0.979515
 1.05125 -4.59365 0.979665
  1.0514 -4.59078 0.979665
 1.05155 -4.58792 0.979815
  1.0517 -4.58505 0.979815
 1.05185 -4.58219 0.979965
   1.052 -4.57933 0.979965
 1.05215 -4.57647 0.980115
  1.0523 -4.57362 0.980115
 1.05245 -4.57076 0.980265
  1.0526 -4.56791 0.980265
 1.05275 -4.56506 0.980415
  1.0529 -4.56222 0.980415
 1.05305 -4.55937 0.980565
  1.0532 -4.55653 0.980565
 1.05335 -4.55369 0.980715
  1.0535 -4.55085 0.980715
 1.05365 -4.54802 0.980865
  1.0538 -4.54519 0.980865
 1.05395 -4.54235 0.981016
  1.0541 -4.53953 0.981166
 1.05425  -4.5367 0.981166
  1.0544 -4.53388 0.981316
 1.05455 -4.53105 0.981316
  1.0547 -4.52824 0.981466
 1.05485 -4.52542 0.981466
   1.055  -4.5226 0.981616
 1.05515 -4.51979 0.981616
  1.0553 -4.51698 0.981766
 1.05545 -4.51417 0.981766
  1.0556 -4.51137 0.981916
 1.05575 -4.50856 0.981916
  1.0559 -4.50576 0.982066
 1.05605 -4.50296 0.982066
  1.0562 -4.50016 0.982216
 1.05635 -4.49737 0.982216
  1.0565 -4.49458 0.982366
 1.05665 -4.49179 0.982366
  1.0568   -4.489 0.982516
 1.05695 -4.48621 0.982666
  1.0571 -4.48343 0.982666
 1.05725 -4.48065 0.982816
  1.0574 -4.47787 0.982816
 1.05755 -4.47509 0.982966
  1.0577 -4.47231 0.982966
 1.05785 -4.46954 0.983117
   1.058 -4.46677 0.983117
 1.05815   -4.464 0.983267
  1.0583 -4.46124 0.983267
 1.05845 -4.45847 0.983417
  1.0586 -4.45571 0.983417
 1.05875 -4.45295 0.983567
  1.0589 -4.45019 0.983567
 1.05905 -4.44744 0.983717
  1.0592 -4.44468 0.983717
 1.05935 -4.44193 0.983867
  1.0595 -4.43918 0.983867
 1.05965 -4.43644 0.984017
  1.0598 -4.43369 0.984017
 1.05995 -4.43095 0.984167
 1.06011 -4.42821 0.984317
 1.06026 -4.42547 0.984317
 1.06041 -4.42273 0.984467
 1.06056    -4.42 0.984467
 1.06071 -4.41727 0.984617
 1.06086 -4.41454 0.984617
 1.06101 -4.41181 0.984767
 1.06116 -4.40909 0.984767
 1.06131 -4.40636 0.984917
 1.06146 -4.40364 0.984917
 1.06161 -4.40092 0.985068
 1.06176 -4.39821 0.985068
 1.06191 -4.39549 0.985218
 1.06206 -4.39278 0.985218
 1.06221 -4.39007 0.985368
 1.06236 -4.38736 0.985368
 1.06251 -4.38466 0.985518
 1.06266 -4.38195 0.985518
 1.06281 -4.37925 0.985668
 1.06296 -4.37655 0.985818
 1.06311 -4.37385 0.985818
 1.06326 -4.37116 0.985968
 1.06341 -4.36846 0.985968
 1.06356 -4.36577 0.986118
 1.06371 -4.36308 0.986118
 1.06386  -4.3604 0.986268
 1.06401 -4.35771 0.986268
 1.06416 -4.35503 0.986418
 1.06431 -4.35235 0.986418
 1.06446 -4.34967 0.986568
 1.06461 -4.34699 0.986568
 1.06476 -4.34432 0.986718
 1.06491 -4.34165 0.986718
 1.06506 -4.33898 0.986868
 1.06521 -4.33631 0.986868
 1.06536 -4.33364 0.987019
 1.06551 -4.33098 0.987019
 1.06566 -4.32832 0.987169
 1.06581 -4.32566 0.987169
 1.06596   -4.323 0.987319
 1.06611 -4.32035 0.987469
 1.06626 -4.31769 0.987469
 1.06641 -4.31504 0.987619
 1.06656 -4.31239 0.987619
 1.06671 -4.30974 0.987769
 1.06686  -4.3071 0.987769
 1.06701 -4.30445 0.987919
 1.06716 -4.30181 0.987919
 1.06731 -4.29917 0.988069
 1.06746 -4.29654 0.988069
 1.06761  -4.2939 0.988219
 1.06776 -4.29127 0.988219
 1.06791 -4.28864 0.988369
 1.06806 -4.28601 0.988369
 1.06821 -4.28338 0.988519
 1.06836 -4.28076 0.988519
 1.06851 -4.27814 0.988669
 1.06866 -4.27552 0.988669
 1.06881  -4.2729 0.988819
 1.06896 -4.27028 0.988819
 1.06911 -4.26767 0.988969
 1.06926 -4.26506  0.98912
 1.06941 -4.26244  0.98912
 1.06956 -4.25984  0.98927
 1.06971 -4.25723  0.98927
 1.06986 -4.25463  0.98942
 1.07001 -4.25202  0.98942
 1.07016 -4.24942  0.98957
 1.07031 -4.24683  0.98957
 1.07046 -4.24423  0.98972
 1.07061 -4.24163  0.98972
 1.07076 -4.23904  0.98987
 1.07091 -4.23645  0.98987
 1.07106 -4.23386  0.99002
 1.07121 -4.23128  0.99002
 1.07136 -4.22869  0.99017
 1.07151 -4.22611  0.99017
 1.07166 -4.22353  0.99032
 1.07181 -4.22096  0.99032
 1.07196 -4.21838  0.99047
 1.07211 -4.21581  0.99062
 1.07226 -4.21323  0.99062
 1.07241 -4.21066  0.99077
 1.07256 -4.20809  0.99077
 1.07271 -4.20553  0.99092
 1.07286 -4.20296  0.99092
 1.07301  -4.2004 0.991071
 1.07316 -4.19784 0.991071
 1.07331 -4.19528 0.991221
 1.07346 -4.19273 0.991221
 1.07361 -4.19017 0.991371
 1.07376 -4.18762 0.991371
 1.07391 -4.18507 0.991521
 1.07406 -4.18252 0.991521
 1.07421 -4.17998 0.991671
 1.07436 -4.17743 0.991671
 1.07451 -4.17489 0.991821
 1.07466 -4.17235 0.991821
 1.07481 -4.16981 0.991971
 1.07496 -4.16728 0.991971
 1.07511 -4.16474 0.992121
 1.07526 -4.16221 0.992271
 1.07541 -4.15968 0.992271
 1.07556 -4.15715 0.992421
 1.07571 -4.15462 0.992421
 1.07586  -4.1521 0.992571
 1.07601 -4.14958 0.992571
 1.07616 -4.14706 0.992721
 1.07631 -4.14454 0.992721
 1.07646 -4.14202 0.992871
 1.07661 -4.13951 0.992871
 1.07676 -4.13699 0.993022
 1.07691 -4.13448 0.993022
 1.07706 -4.13197 0.993172
 1.07721 -4.12947 0.993172
 1.07736 -4.12696 0.993322
 1.07751 -4.12446 0.993322
 1.07766 -4.12196 0.993472
 1.07781 -4.11946 0.993472
 1.07796 -4.11696 0.993622
 1.07811 -4.11447 0.993622
 1.07826 -4.11197 0.993772
 1.07841 -4.10948 0.993922
 1.07856 -4.10699 0.993922
 1.07871  -4.1045 0.994072
 1.07886 -4.10202 0.994072
 1.07901 -4.09953 0.994222
 1.07916 -4.09705 0.994222
 1.07931 -4.09457 0.994372
 1.07946 -4.09209 0.994372
 1.07961 -4.08962 0.994522
 1.07976 -4.08714 0.994522
 1.07991 -4.08467 0.994672
 1.08007  -4.0822 0.994672
 1.08022 -4.07973 0.994822
 1.08037 -4.07726 0.994822
 1.08052  -4.0748 0.994972
 1.08067 -4.07234 0.994972
 1.08082 -4.06988 0.995123
 1.08097 -4.06742 0.995123
 1.08112 -4.06496 0.995273
 1.08127  -4.0625 0.995273
 1.08142 -4.06005 0.995423
 1.08157  -4.0576 0.995573
 1.08172 -4.05515 0.995573
 1.08187  -4.0527 0.995723
 1.08202 -4.05026 0.995723
 1.08217 -4.04781 0.995873
 1.08232 -4.04537 0.995873
 1.08247 -4.04293 0.996023
 1.08262 -4.04049 0.996023
 1.08277 -4.03805 0.996173
 1.08292 -4.03562 0.996173
 1.08307 -4.03319 0.996323
 1.08322 -4.03076 0.996323
 1.08337 -4.02833 0.996473
 1.08352  -4.0259 0.996473
 1.08367 -4.02347 0.996623
 1.08382 -4.02105 0.996623
 1.08397 -4.01863 0.996773
 1.08412 -4.01621 0.996773
 1.08427 -4.01379 0.996923
 1.08442 -4.01138 0.997074
 1.08457 -4.00896 0.997074
 1.08472 -4.00655 0.997224
 1.08487 -4.00414 0.997224
 1.08502 -4.00173 0.997374
 1.08517 -3.99932 0.997374
 1.08532 -3.99692 0.997524
 1.08547 -3.99451 0.997524
 1.08562 -3.99211 0.997674
 1.08577 -3.98971 0.997674
 1.08592 -3.98732 0.997824
 1.08607 -3.98492 0.997824
 1.08622 -3.98253 0.997974
 1.08637 -3.98013 0.997974
 1.08652 -3.97774 0.998124
 1.08667 -3.97536 0.998124
 1.08682 -3.97297 0.998274
 1.08697 -3.97058 0.998274
 1.08712  -3.9682 0.998424
 1.08727 -3.96582 0.998424
 1.08742 -3.96344 0.998574
 1.08757 -3.96106 0.998724
 1.08772 -3.95869 0.998724
 1.08787 -3.95631 0.998874
 1.08802 -3.95394 0.998874
 1.08817 -3.95157 0.999025
 1.08832  -3.9492 0.999025
 1.08847 -3.94684 0.999175
 1.08862 -3.94447 0.999175
 1.08877 -3.94211 0.999325
 1.08892 -3.93975 0.999325
 1.08907 -3.93739 0.999475
 1.08922 -3.93503 0.999475
 1.08937 -3.93267 0.999625
 1.08952 -3.93032 0.999625
 1.08967 -3.92797 0.999775
 1.08982 -3.92562 0.999775
 1.08997 -3.92327 0.999925
 1.09012 -3.92092 0.999925
 1.09027 -3.91858  1.00008
 1.09042 -3.91623  1.00008
 1.09057 -3.91389  1.00023
 1.09072 -3.91155  1.00038
 1.09087 -3.90921  1.00038
 1.09102 -3.90688  1.00053
 1.09117 -3.90454  1.00053
 1.09132 -3.90221  1.00068
 1.09147 -3.89988  1.00068
 1.09162 -3.89755  1.00083
 1.09177 -3.89522  1.00083
 1.09192  -3.8929  1.00098
 1.09207 -3.89057  1.00098
 1.09222 -3.88825  1.00113
 1.09237 -3.88593  1.00113
 1.09252 -3.88361  1.00128
 1.09267  -3.8813  1.00128
 1.09282 -3.87898  1.00143
 1.09297 -3.87667  1.00143
 1.09312 -3.87436  1.00158
 1.09327 -3.87205  1.00158
 1.09342 -3.86974  1.00173
 1.09357 -3.86743  1.00173
 1.09372 -3.86513  1.00188
 1.09387 -3.86283  1.00203
 1.09402 -3.86052  1.00203
 1.09417 -3.85823  1.00218
 1.09432 -3.85593  1.00218
 1.09447 -3.85363  1.00233
 1.09462 -3.85134  1.00233
 1.09477 -3.84905  1.00248
 1.09492 -3.84676  1.00248
 1.09507 -3.84447  1.00263
 1.09522 -3.84218  1.00263
 1.09537 -3.83989  1.00278
 1.09552 -3.83761  1.00278
 1.09567 -3.83533  1.00293
 1.09582 -3.83305  1.00293
 1.09597 -3.83077  1.00308
 1.09612 -3.82849  1.00308
 1.09627 -3.82622  1.00323
 1.09642 -3.82395  1.00323
 1.09657 -3.82167  1.00338
 1.09672  -3.8194  1.00338
 1.09687 -3.81714  1.00353
 1.09702 -3.81487  1.00368
 1.09717 -3.81261  1.00368
 1.09732 -3.81034  1.00383
 1.09747 -3.80808  1.00383
 1.09762 -3.80582  1.00398
 1.09777 -3.80356  1.00398
 1.09792 -3.80131  1.00413
 1.09807 -3.79905  1.00413
 1.09822  -3.7968  1.00428
 1.09837 -3.79455  1.00428
 1.09852  -3.7923  1.00443
 1.09867 -3.79005  1.00443
 1.09882 -3.78781  1.00458
 1.09897 -3.78556  1.00458
 1.09912 -3.78332  1.00473
 1.09927 -3.78108  1.00473
 1.09942 -3.77884  1.00488
 1.09957  -3.7766  1.00488
 1.09972 -3.77437  1.00503
 1.09987 -3.77213  1.00503
 1.10003  -3.7699  1.00518
 1.10018 -3.76767  1.00533
 1.10033 -3.76544  1.00533
 1.10048 -3.76321  1.00548
 1.10063 -3.76099  1.00548
 1.10078 -3.75876  1.00563
 1.10093 -3.75654  1.00563
 1.10108 -3.75432  1.00578
 1.10123  -3.7521  1.00578
 1.10138 -3.74988  1.00593
 1.10153 -3.74767  1.00593
 1.10168 -3.74546  1.00608
 1.10183 -3.74324  1.00608
 1.10198 -3.74103  1.00623
 1.10213 -3.73882  1.00623
 1.10228 -3.73662  1.00638
 1.10243 -3.73441  1.00638
 1.10258 -3.73221  1.00653
 1.10273    -3.73  1.00653
 1.10288  -3.7278  1.00668
 1.10303  -3.7256  1.00668
 1.10318 -3.72341  1.00683
 1.10333 -3.72121  1.00698
 1.10348 -3.71902  1.00698
 1.10363 -3.71682  1.00713
 1.10378 -3.71463  1.00713
 1.10393 -3.71244  1.00728
 1.10408 -3.71026  1.00728
 1.10423 -3.70807  1.00743
 1.10438 -3.70589  1.00743
 1.10453  -3.7037  1.00758
 1.10468 -3.70152  1.00758
 1.10483 -3.69934  1.00773
 1.10498 -3.69717  1.00773
 1.10513 -3.69499  1.00788
 1.10528 -3.69282  1.00788
 1.10543 -3.69064  1.00803
 1.10558 -3.68847  1.00803
 1.10573  -3.6863  1.00818
 1.10588 -3.68414  1.00818
 1.10603 -3.68197  1.00833
 1.10618  -3.6798  1.00833
 1.10633 -3.67764  1.00848
 1.10648 -3.67548  1.00863
 1.10663 -3.67332  1.00863
 1.10678 -3.67116  1.00878
 1.10693   -3.669  1.00878
 1.10708 -3.66685  1.00893
 1.10723  -3.6647  1.00893
 1.10738 -3.66254  1.00908
 1.10753 -3.66039  1.00908
 1.10768 -3.65825  1.00923
 1.10783  -3.6561  1.00923
 1.10798 -3.65395  1.00938
 1.10813 -3.65181  1.00938
 1.10828 -3.64967  1.00953
 1.10843 -3.64753  1.00953
 1.10858 -3.64539  1.00968
 1.10873 -3.64325  1.00968
 1.10888 -3.64112  1.00983
 1.10903 -3.63898  1.00983
 1.10918 -3.63685  1.00998
 1.10933 -3.63472  1.00998
 1.10948 -3.63259  1.01013
 1.10963 -3.63046  1.01028
 1.10978 -3.62833  1.01028
 1.10993 -3.62621  1.01043
 1.11008 -3.62409  1.01043
 1.11023 -3.62197  1.01058
 1.11038 -3.61985  1.01058
 1.11053 -3.61773  1.01073
 1.11068 -3.61561  1.01073
 1.11083  -3.6135  1.01088
 1.11098 -3.61138  1.01088
 1.11113 -3.60927  1.01103
 1.11128 -3.60716  1.01103
 1.11143 -3.60505  1.01118
 1.11158 -3.60294  1.01118
 1.11173 -3.60084  1.01133
 1.11188 -3.59873  1.01133
 1.11203 -3.59663  1.01148
 1.11218 -3.59453  1.01148
 1.11233 -3.59243  1.01163
 1.11248 -3.59033  1.01163
 1.11263 -3.58824  1.01178
 1.11278 -3.58614  1.01193
 1.11293 -3.58405  1.01193
 1.11308 -3.58196  1.01208
 1.11323 -3.57987  1.01208
 1.11338 -3.57778  1.01223
 1.11353 -3.57569  1.01223
 1.11368 -3.57361  1.01238
 1.11383 -3.57152  1.01238
 1.11398 -3.56944  1.01253
 1.11413 -3.56736  1.01253
 1.11428 -3.56528  1.01268
 1.11443  -3.5632  1.01268
 1.11458 -3.56113  1.01283
 1.11473 -3.55905  1.01283
 1.11488 -3.55698  1.01298
 1.11503 -3.55491  1.01298
 1.11518 -3.55284  1.01313
 1.11533 -3.55077  1.01313
 1.11548  -3.5487  1.01328
 1.11563 -3.54664  1.01328
 1.11578 -3.54457  1.01343
 1.11593 -3.54251  1.01358
 1.11608 -3.54045  1.01358
 1.11623 -3.53839  1.01373
 1.11638 -3.53633  1.01373
 1.11653 -3.53428  1.01388
 1.11668 -3.53222  1.01388
 1.11683 -3.53017  1.01403
 1.11698 -3.52812  1.01403
 1.11713 -3.52607  1.01418
 1.11728 -3.52402  1.01418
 1.11743 -3.52197  1.01433
 1.11758 -3.51992  1.01433
 1.11773 -3.51788  1.01448
 1.11788 -3.51584  1.01448
 1.11803  -3.5138  1.01463
 1.11818 -3.51176  1.01463
 1.11833 -3.50972  1.01478
 1.11848 -3.50768  1.01478
 1.11863 -3.50565  1.01493
 1.11878 -3.50361  1.01493
 1.11893 -3.50158  1.01508
 1.11908 -3.49955  1.01523
 1.11923 -3.49752  1.01523
 1.11938  -3.4955  1.01538
 1.11953 -3.49347  1.01538
 1.11968 -3.49144  1.01553
 1.11983 -3.48942  1.01553
 1.11998  -3.4874  1.01568
 1.12014 -3.48538  1.01568
 1.12029 -3.48336  1.01583
 1.12044 -3.48134  1.01583
 1.12059 -3.47933  1.01598
 1.12074 -3.47731  1.01598
 1.12089  -3.4753  1.01613
 1.12104 -3.47329  1.01613
 1.12119 -3.47128  1.01628
 1.12134 -3.46927  1.01628
 1.12149 -3.46727  1.01643
 1.12164 -3.46526  1.01643
 1.12179 -3.46326  1.01658
 1.12194 -3.46125  1.01658
 1.12209 -3.45925  1.01673
 1.12224 -3.45725  1.01673
 1.12239 -3.45526  1.01688
 1.12254 -3.45326  1.01703
 1.12269 -3.45127  1.01703
 1.12284 -3.44927  1.01718
 1.12299 -3.44728  1.01718
 1.12314 -3.44529  1.01733
 1.12329  -3.4433  1.01733
 1.12344 -3.44131  1.01748
 1.12359 -3.43933  1.01748
 1.12374 -3.43734  1.01763
 1.12389 -3.43536  1.01763
 1.12404 -3.43338  1.01778
 1.12419  -3.4314  1.01778
 1.12434 -3.42942  1.01793
 1.12449 -3.42744  1.01793
 1.12464 -3.42546  1.01808
 1.12479 -3.42349  1.01808
 1.12494 -3.42152  1.01823
 1.12509 -3.41955  1.01823
 1.12524 -3.41757  1.01838
 1.12539 -3.41561  1.01838
 1.12554 -3.41364  1.01853
 1.12569 -3.41167  1.01868
 1.12584 -3.40971  1.01868
 1.12599 -3.40775  1.01883
 1.12614 -3.40578  1.01883
 1.12629 -3.40382  1.01898
 1.12644 -3.40187  1.01898
 1.12659 -3.39991  1.01913
 1.12674 -3.39795  1.01913
 1.12689   -3.396  1.01928
 1.12704 -3.39404  1.01928
 1.12719 -3.39209  1.01943
 1.12734 -3.39014  1.01943
 1.12749 -3.38819  1.01958
 1.12764 -3.38625  1.01958
 1.12779  -3.3843  1.01973
 1.12794 -3.38236  1.01973
 1.12809 -3.38041  1.01988
 1.12824 -3.37847  1.01988
 1.12839 -3.37653  1.02004
 1.12854 -3.37459  1.02004
 1.12869 -3.37266  1.02019
 1.12884 -3.37072  1.02034
 1.12899 -3.36879  1.02034
 1.12914 -3.36685  1.02049
 1.12929 -3.36492  1.02049
 1.12944 -3.36299  1.02064
 1.12959 -3.36106  1.02064
 1.12974 -3.35914  1.02079
 1.12989 -3.35721  1.02079
 1.13004 -3.35529  1.02094
 1.13019 -3.35336  1.02094
 1.13034 -3.35144  1.02109
 1.13049 -3.34952  1.02109
 1.13064  -3.3476  1.02124
 1.13079 -3.34568  1.02124
 1.13094 -3.34377  1.02139
 1.13109 -3.34185  1.02139
 1.13124 -3.33994  1.02154
 1.13139 -3.33803  1.02154
 1.13154 -3.33612  1.02169
 1.13169 -3.33421  1.02169
 1.13184  -3.3323  1.02184
 1.13199 -3.33039  1.02199
 1.13214 -3.32849  1.02199
 1.13229 -3.32658  1.02214
 1.13244 -3.32468  1.02214
 1.13259 -3.32278  1.02229
 1.13274 -3.32088  1.02229
 1.13289 -3.31898  1.02244
 1.13304 -3.31709  1.02244
 1.13319 -3.31519  1.02259
 1.13334  -3.3133  1.02259
 1.13349 -3.31141  1.02274
 1.13364 -3.30951  1.02274
 1.13379 -3.30762  1.02289
 1.13394 -3.30574  1.02289
 1.13409 -3.30385  1.02304
 1.13424 -3.30196  1.02304
 1.13439 -3.30008  1.02319
 1.13454  -3.2982  1.02319
 1.13469 -3.29631  1.02334
 1.13484 -3.29443  1.02334
 1.13499 -3.29255  1.02349
 1.13514 -3.29068  1.02349
 1.13529  -3.2888  1.02364
 1.13544 -3.28693  1.02379
 1.13559 -3.28505  1.02379
 1.13574 -3.28318  1.02394
 1.13589 -3.28131  1.02394
 1.13604 -3.27944  1.02409
 1.13619 -3.27757  1.02409
 1.13634 -3.27571  1.02424
 1.13649 -3.27384  1.02424
 1.13664 -3.27198  1.02439
 1.13679 -3.27011  1.02439
 1.13694 -3.26825  1.02454
 1.13709 -3.26639  1.02454
 1.13724 -3.26453  1.02469
 1.13739 -3.26268  1.02469
 1.13754 -3.26082  1.02484
 1.13769 -3.25897  1.02484
 1.13784 -3.25711  1.02499
 1.13799 -3.25526  1.02499
 1.13814 -3.25341  1.02514
 1.13829 -3.25156  1.02514
 1.13844 -3.24971  1.02529
 1.13859 -3.24787  1.02544
 1.13874 -3.24602  1.02544
 1.13889 -3.24418  1.02559
 1.13904 -3.24234  1.02559
 1.13919  -3.2405  1.02574
 1.13934 -3.23866  1.02574
 1.13949 -3.23682  1.02589
 1.13964 -3.23498  1.02589
 1.13979 -3.23314  1.02604
 1.13994 -3.23131  1.02604
  1.1401 -3.22948  1.02619
 1.14025 -3.22765  1.02619
  1.1404 -3.22581  1.02634
 1.14055 -3.22399  1.02634
  1.1407 -3.22216  1.02649
 1.14085 -3.22033  1.02649
   1.141 -3.21851  1.02664
 1.14115 -3.21668  1.02664
  1.1413 -3.21486  1.02679
 1.14145 -3.21304  1.02679
  1.1416 -3.21122  1.02694
 1.14175  -3.2094  1.02694
  1.1419 -3.20758  1.02709
 1.14205 -3.20577  1.02724
  1.1422 -3.20395  1.02724
 1.14235 -3.20214  1.02739
  1.1425 -3.20033  1.02739
 1.14265 -3.19851  1.02754
  1.1428 -3.19671  1.02754
 1.14295  -3.1949  1.02769
  1.1431 -3.19309  1.02769
 1.14325 -3.19128  1.02784
  1.1434 -3.18948  1.02784
 1.14355 -3.18768  1.02799
  1.1437 -3.18588  1.02799
 1.14385 -3.18408  1.02814
   1.144 -3.18228  1.02814
 1.14415 -3.18048  1.02829
  1.1443 -3.17868  1.02829
 1.14445 -3.17689  1.02844
  1.1446 -3.17509  1.02844
 1.14475  -3.1733  1.02859
  1.1449 -3.17151  1.02859
 1.14505 -3.16972  1.02874
  1.1452 -3.16793  1.02889
 1.14535 -3.16614  1.02889
  1.1455 -3.16436  1.02904
 1.14565 -3.16257  1.02904
  1.1458 -3.16079  1.02919
 1.14595   -3.159  1.02919
  1.1461 -3.15722  1.02934
 1.14625 -3.15544  1.02934
  1.1464 -3.15367  1.02949
 1.14655 -3.15189  1.02949
  1.1467 -3.15011  1.02964
 1.14685 -3.14834  1.02964
   1.147 -3.14656  1.02979
 1.14715 -3.14479  1.02979
  1.1473 -3.14302  1.02994
 1.14745 -3.14125  1.02994
  1.1476 -3.13948  1.03009
 1.14775 -3.13772  1.03009
  1.1479 -3.13595  1.03024
 1.14805 -3.13419  1.03024
  1.1482 -3.13242  1.03039
 1.14835 -3.13066  1.03039
  1.1485  -3.1289  1.03054
 1.14865 -3.12714  1.03069
  1.1488 -3.12538  1.03069
 1.14895 -3.12362  1.03084
  1.1491 -3.12187  1.03084
 1.14925 -3.12011  1.03099
  1.1494 -3.11836  1.03099
 1.14955 -3.11661  1.03114
  1.1497 -3.11486  1.03114
 1.14985 -3.11311  1.03129
    1.15 -3.11136  1.03129