 kgrid  ValNew  Policy 
     0.85   -5.1485      0.85
  0.85015  -5.14101      0.85
   0.8503  -5.13354      0.85
  0.85045  -5.12608      0.85
   0.8506  -5.11863      0.85
  0.85075   -5.1112      0.85
   0.8509  -5.10379      0.85
 0.851051  -5.09638      0.85
 0.851201  -5.08899      0.85
 0.851351  -5.08161      0.85
 0.851501  -5.07425      0.85
 0.851651   -5.0669      0.85
 0.851801  -5.05956      0.85
 0.851951  -5.05224      0.85
 0.852101  -5.04493      0.85
 0.852251  -5.03763      0.85
 0.852401  -5.03035      0.85
 0.852551  -5.02308      0.85
 0.852701  -5.01582      0.85
 0.852851  -5.00858      0.85
 0.853002  -5.00135      0.85
 0.853152  -4.99413      0.85
 0.853302  -4.98693      0.85
 0.853452  -4.97974      0.85
 0.853602  -4.97256      0.85
 0.853752  -4.96539      0.85
 0.853902  -4.95824      0.85
 0.854052   -4.9511      0.85
 0.854202  -4.94398      0.85
 0.854352  -4.93686      0.85
 0.854502  -4.92976      0.85
 0.854652  -4.92268      0.85
 0.854802   -4.9156      0.85
 0.854952  -4.90854      0.85
 0.855103  -4.90149      0.85
 0.855253  -4.89445      0.85
 0.855403  -4.88743      0.85
 0.855553  -4.88042      0.85
 0.855703  -4.87342      0.85
 0.855853  -4.86644      0.85
 0.856003  -4.85946      0.85
 0.856153   -4.8525      0.85
 0.856303  -4.84556      0.85
 0.856453  -4.83862      0.85
 0.856603   -4.8317      0.85
 0.856753  -4.82479      0.85
 0.856903  -4.81789      0.85
 0.857054  -4.81101      0.85
 0.857204  -4.80413      0.85
 0.857354  -4.79727      0.85
 0.857504  -4.79043      0.85
 0.857654  -4.78359      0.85
 0.857804  -4.77677      0.85
 0.857954  -4.76996      0.85
 0.858104  -4.76316      0.85
 0.858254  -4.75637      0.85
 0.858404   -4.7496      0.85
 0.858554  -4.74283      0.85
 0.858704  -4.73608      0.85
 0.858854  -4.72934      0.85
 0.859005  -4.72262      0.85
 0.859155   -4.7159      0.85
 0.859305   -4.7092      0.85
 0.859455  -4.70251      0.85
 0.859605  -4.69584      0.85
 0.859755  -4.68917      0.85
 0.859905  -4.68252      0.85
 0.860055  -4.67587      0.85
 0.860205  -4.66924      0.85
 0.860355  -4.66262      0.85
 0.860505  -4.65602      0.85
 0.860655  -4.64942      0.85
 0.860805  -4.64284      0.85
 0.860955  -4.63627      0.85
 0.861106  -4.62971      0.85
 0.861256  -4.62316      0.85
 0.861406  -4.61663      0.85
 0.861556   -4.6101      0.85
 0.861706  -4.60359      0.85
 0.861856  -4.59709      0.85
 0.862006   -4.5906      0.85
 0.862156  -4.58412      0.85
 0.862306  -4.57765      0.85
 0.862456   -4.5712      0.85
 0.862606  -4.56475      0.85
 0.862756  -4.55832      0.85
 0.862906   -4.5519      0.85
 0.863057  -4.54549      0.85
 0.863207  -4.53909      0.85
 0.863357  -4.53271      0.85
 0.863507  -4.52633      0.85
 0.863657  -4.51997      0.85
 0.863807  -4.51362      0.85
 0.863957  -4.50727      0.85
 0.864107  -4.50094      0.85
 0.864257  -4.49462      0.85
 0.864407  -4.48832      0.85
 0.864557  -4.48202      0.85
 0.864707  -4.47573      0.85
 0.864857  -4.46946      0.85
 0.865008   -4.4632      0.85
 0.865158  -4.45694      0.85
 0.865308   -4.4507      0.85
 0.865458  -4.44447      0.85
 0.865608  -4.43825      0.85
 0.865758  -4.43205      0.85
 0.865908  -4.42585      0.85
 0.866058  -4.41966      0.85
 0.866208  -4.41349      0.85
 0.866358  -4.40732      0.85
 0.866508  -4.40117      0.85
 0.866658  -4.39503      0.85
 0.866808  -4.38889      0.85
 0.866958  -4.38277      0.85
 0.867109  -4.37666      0.85
 0.867259  -4.37056      0.85
 0.867409  -4.36447      0.85
 0.867559  -4.35839      0.85
 0.867709  -4.35233      0.85
 0.867859  -4.34627      0.85
 0.868009  -4.34022      0.85
 0.868159  -4.33419      0.85
 0.868309  -4.32816      0.85
 0.868459  -4.32215      0.85
 0.868609  -4.31614      0.85
 0.868759  -4.31015      0.85
 0.868909  -4.30417      0.85
  0.86906  -4.29819      0.85
  0.86921  -4.29223      0.85
  0.86936  -4.28628      0.85
  0.86951  -4.28034      0.85
  0.86966  -4.27441      0.85
  0.86981  -4.26849      0.85
  0.86996  -4.26258      0.85
  0.87011  -4.25668      0.85
  0.87026  -4.25079      0.85
  0.87041  -4.24491      0.85
  0.87056  -4.23904      0.85
  0.87071  -4.23318      0.85
  0.87086  -4.22733      0.85
 0.871011  -4.22149      0.85
 0.871161  -4.21566      0.85
 0.871311  -4.20985      0.85
 0.871461  -4.20404      0.85
 0.871611  -4.19824      0.85
 0.871761  -4.19245      0.85
 0.871911  -4.18667      0.85
 0.872061  -4.18091      0.85
 0.872211  -4.17515      0.85
 0.872361   -4.1694      0.85
 0.872511  -4.16366      0.85
 0.872661  -4.15793      0.85
 0.872811  -4.15222      0.85
 0.872961  -4.14651      0.85
 0.873112  -4.14081      0.85
 0.873262  -4.13512      0.85
 0.873412  -4.12944      0.85
 0.873562  -4.12377      0.85
 0.873712  -4.11812      0.85
 0.873862  -4.11247      0.85
 0.874012  -4.10683      0.85
 0.874162   -4.1012      0.85
 0.874312  -4.09558      0.85
 0.874462  -4.08997      0.85
 0.874612  -4.08437      0.85
 0.874762  -4.07878      0.85
 0.874912   -4.0732      0.85
 0.875063  -4.06762      0.85
 0.875213  -4.06206      0.85
 0.875363  -4.05651      0.85
 0.875513  -4.05097      0.85
 0.875663  -4.04544      0.85
 0.875813  -4.03991      0.85
 0.875963   -4.0344      0.85
 0.876113  -4.02889      0.85
 0.876263   -4.0234      0.85
 0.876413  -4.01791      0.85
 0.876563  -4.01244      0.85
 0.876713  -4.00697      0.85
 0.876863  -4.00151      0.85
 0.877014  -3.99606      0.85
 0.877164  -3.99063      0.85
 0.877314   -3.9852      0.85
 0.877464  -3.97978      0.85
 0.877614  -3.97436      0.85
 0.877764  -3.96896      0.85
 0.877914  -3.96357      0.85
 0.878064  -3.95819      0.85
 0.878214  -3.95281      0.85
 0.878364  -3.94745      0.85
 0.878514  -3.94209      0.85
 0.878664  -3.93675      0.85
 0.878814  -3.93141      0.85
 0.878964  -3.92608      0.85
 0.879115  -3.92076      0.85
 0.879265  -3.91545      0.85
 0.879415  -3.91015      0.85
 0.879565  -3.90486      0.85
 0.879715  -3.89958      0.85
 0.879865  -3.89431      0.85
 0.880015  -3.88904      0.85
 0.880165  -3.88379      0.85
 0.880315  -3.87854      0.85
 0.880465   -3.8733      0.85
 0.880615  -3.86807      0.85
 0.880765  -3.86285      0.85
 0.880915  -3.85764      0.85
 0.881066  -3.85244      0.85
 0.881216  -3.84725      0.85
 0.881366  -3.84206      0.85
 0.881516  -3.83689      0.85
 0.881666  -3.83172      0.85
 0.881816  -3.82656      0.85
 0.881966  -3.82141      0.85
 0.882116  -3.81627      0.85
 0.882266  -3.81114      0.85
 0.882416  -3.80601      0.85
 0.882566   -3.8009      0.85
 0.882716  -3.79579      0.85
 0.882866   -3.7907      0.85
 0.883017  -3.78561      0.85
 0.883167  -3.78053      0.85
 0.883317  -3.77546      0.85
 0.883467  -3.77039      0.85
 0.883617  -3.76534      0.85
 0.883767  -3.76029      0.85
 0.883917  -3.75526      0.85
 0.884067  -3.75023      0.85
 0.884217  -3.74521      0.85
 0.884367   -3.7402      0.85
 0.884517  -3.73519      0.85
 0.884667   -3.7302      0.85
 0.884817  -3.72521      0.85
 0.884967  -3.72023      0.85
 0.885118  -3.71526      0.85
 0.885268   -3.7103      0.85
 0.885418  -3.70535      0.85
 0.885568  -3.70041      0.85
 0.885718  -3.69547      0.85
 0.885868  -3.69054      0.85
 0.886018  -3.68562      0.85
 0.886168  -3.68071      0.85
 0.886318  -3.67581      0.85
 0.886468  -3.67091      0.85
 0.886618  -3.66603      0.85
 0.886768  -3.66115      0.85
 0.886918  -3.65628      0.85
 0.887069  -3.65141      0.85
 0.887219  -3.64656      0.85
 0.887369  -3.64171      0.85
 0.887519  -3.63688      0.85
 0.887669  -3.63205      0.85
 0.887819  -3.62723      0.85
 0.887969  -3.62241      0.85
 0.888119  -3.61761      0.85
 0.888269  -3.61281      0.85
 0.888419  -3.60802      0.85
 0.888569  -3.60324      0.85
 0.888719  -3.59846      0.85
 0.888869   -3.5937      0.85
  0.88902  -3.58894      0.85
  0.88917  -3.58419      0.85
  0.88932  -3.57945      0.85
  0.88947  -3.57472      0.85
  0.88962  -3.56999      0.85
  0.88977  -3.56527      0.85
  0.88992  -3.56056      0.85
  0.89007  -3.55586      0.85
  0.89022  -3.55117      0.85
  0.89037  -3.54648      0.85
  0.89052   -3.5418      0.85
  0.89067  -3.53713      0.85
  0.89082  -3.53247      0.85
  0.89097  -3.52781      0.85
 0.891121  -3.52316      0.85
 0.891271  -3.51852      0.85
 0.891421  -3.51389      0.85
 0.891571  -3.50927      0.85
 0.891721  -3.50465      0.85
 0.891871  -3.50004      0.85
 0.892021  -3.49544      0.85
 0.892171  -3.49085      0.85
 0.892321  -3.48626      0.85
 0.892471  -3.48168      0.85
 0.892621  -3.47711      0.85
 0.892771  -3.47255      0.85
 0.892921  -3.46799      0.85
 0.893072  -3.46344      0.85
 0.893222   -3.4589      0.85
 0.893372  -3.45437      0.85
 0.893522  -3.44984      0.85
 0.893672  -3.44532      0.85
 0.893822  -3.44081      0.85
 0.893972  -3.43631      0.85
 0.894122  -3.43181      0.85
 0.894272  -3.42732      0.85
 0.894422  -3.42284      0.85
 0.894572  -3.41837      0.85
 0.894722   -3.4139      0.85
 0.894872  -3.40944      0.85
 0.895023  -3.40499      0.85
 0.895173  -3.40054      0.85
 0.895323  -3.39611      0.85
 0.895473  -3.39168      0.85
 0.895623  -3.38725      0.85
 0.895773  -3.38284      0.85
 0.895923  -3.37843      0.85
 0.896073  -3.37403      0.85
 0.896223  -3.36964      0.85
 0.896373  -3.36525      0.85
 0.896523  -3.36087      0.85
 0.896673   -3.3565      0.85
 0.896823  -3.35213      0.85
 0.896973  -3.34778      0.85
 0.897124  -3.34342      0.85
 0.897274  -3.33908      0.85
 0.897424  -3.33474      0.85
 0.897574  -3.33042      0.85
 0.897724  -3.32609      0.85
 0.897874  -3.32178      0.85
 0.898024  -3.31747      0.85
 0.898174  -3.31317      0.85
 0.898324  -3.30888      0.85
 0.898474  -3.30459      0.85
 0.898624  -3.30031      0.85
 0.898774  -3.29604      0.85
 0.898924  -3.29177      0.85
 0.899075  -3.28751      0.85
 0.899225  -3.28326      0.85
 0.899375  -3.27901      0.85
 0.899525  -3.27477      0.85
 0.899675  -3.27054      0.85
 0.899825  -3.26632      0.85
 0.899975   -3.2621      0.85
 0.900125  -3.25789      0.85
 0.900275  -3.25369      0.85
 0.900425  -3.24949      0.85
 0.900575   -3.2453      0.85
 0.900725  -3.24112      0.85
 0.900875  -3.23694      0.85
 0.901026  -3.23277      0.85
 0.901176  -3.22861      0.85
 0.901326  -3.22445      0.85
 0.901476   -3.2203      0.85
 0.901626  -3.21616      0.85
 0.901776  -3.21202      0.85
 0.901926  -3.20789      0.85
 0.902076  -3.20377      0.85
 0.902226  -3.19965      0.85
 0.902376  -3.19555      0.85
 0.902526  -3.19144      0.85
 0.902676  -3.18735      0.85
 0.902826  -3.18326      0.85
 0.902976  -3.17917      0.85
 0.903127   -3.1751      0.85
 0.903277  -3.17103      0.85
 0.903427  -3.16697      0.85
 0.903577  -3.16291      0.85
 0.903727  -3.15886      0.85
 0.903877  -3.15482      0.85
 0.904027  -3.15078      0.85
 0.904177  -3.14675      0.85
 0.904327  -3.14273      0.85
 0.904477  -3.13871      0.85
 0.904627   -3.1347      0.85
 0.904777  -3.13069      0.85
 0.904927  -3.12669      0.85
 0.905078   -3.1227      0.85
 0.905228  -3.11872      0.85
 0.905378  -3.11474      0.85
 0.905528  -3.11077      0.85
 0.905678   -3.1068      0.85
 0.905828  -3.10284      0.85
 0.905978  -3.09889      0.85
 0.906128  -3.09494      0.85
 0.906278    -3.091      0.85
 0.906428  -3.08707      0.85
 0.906578  -3.08314      0.85
 0.906728  -3.07922      0.85
 0.906878   -3.0753      0.85
 0.907029  -3.07139      0.85
 0.907179  -3.06749      0.85
 0.907329   -3.0636      0.85
 0.907479  -3.05971      0.85
 0.907629  -3.05582      0.85
 0.907779  -3.05194      0.85
 0.907929  -3.04807      0.85
 0.908079  -3.04421      0.85
 0.908229  -3.04035      0.85
 0.908379  -3.03649      0.85
 0.908529  -3.03265      0.85
 0.908679  -3.02881      0.85
 0.908829  -3.02497      0.85
 0.908979  -3.02114      0.85
  0.90913  -3.01732      0.85
  0.90928  -3.01351      0.85
  0.90943   -3.0097      0.85
  0.90958  -3.00589      0.85
  0.90973  -3.00209      0.85
  0.90988   -2.9983      0.85
  0.91003  -2.99452      0.85
  0.91018  -2.99074      0.85
  0.91033  -2.98696      0.85
  0.91048  -2.98319      0.85
  0.91063  -2.97943      0.85
  0.91078  -2.97568      0.85
  0.91093  -2.97193      0.85
 0.911081  -2.96818      0.85
 0.911231  -2.96444      0.85
 0.911381  -2.96071      0.85
 0.911531  -2.95699      0.85
 0.911681  -2.95327      0.85
 0.911831  -2.94955      0.85
 0.911981  -2.94584      0.85
 0.912131  -2.94214      0.85
 0.912281  -2.93844      0.85
 0.912431  -2.93475      0.85
 0.912581  -2.93107      0.85
 0.912731  -2.92739      0.85
 0.912881  -2.92372      0.85
 0.913032  -2.92005      0.85
 0.913182  -2.91639      0.85
 0.913332  -2.91273      0.85
 0.913482  -2.90908      0.85
 0.913632  -2.90544      0.85
 0.913782   -2.9018      0.85
 0.913932  -2.89816      0.85
 0.914082  -2.89454      0.85
 0.914232  -2.89092      0.85
 0.914382   -2.8873      0.85
 0.914532  -2.88369      0.85
 0.914682  -2.88009      0.85
 0.914832  -2.87649      0.85
 0.914982  -2.87289      0.85
 0.915133  -2.86931      0.85
 0.915283  -2.86573      0.85
 0.915433  -2.86215      0.85
 0.915583  -2.85858      0.85
 0.915733  -2.85501      0.85
 0.915883  -2.85146      0.85
 0.916033   -2.8479      0.85
 0.916183  -2.84435      0.85
 0.916333  -2.84081      0.85
 0.916483  -2.83727      0.85
 0.916633  -2.83374      0.85
 0.916783  -2.83022      0.85
 0.916933   -2.8267      0.85
 0.917084  -2.82318      0.85
 0.917234  -2.81967      0.85
 0.917384  -2.81617      0.85
 0.917534  -2.81267      0.85
 0.917684  -2.80918      0.85
 0.917834  -2.80569      0.85
 0.917984  -2.80221      0.85
 0.918134  -2.79873      0.85
 0.918284  -2.79526      0.85
 0.918434   -2.7918      0.85
 0.918584  -2.78834      0.85
 0.918734  -2.78488      0.85
 0.918884  -2.78143      0.85
 0.919035  -2.77799      0.85
 0.919185  -2.77455      0.85
 0.919335  -2.77112      0.85
 0.919485  -2.76769      0.85
 0.919635  -2.76427      0.85
 0.919785  -2.76085      0.85
 0.919935  -2.75744      0.85
 0.920085  -2.75403      0.85
 0.920235  -2.75063      0.85
 0.920385  -2.74724      0.85
 0.920535  -2.74384      0.85
 0.920685  -2.74046      0.85
 0.920835  -2.73708      0.85
 0.920985   -2.7337      0.85
 0.921136  -2.73034      0.85
 0.921286  -2.72697      0.85
 0.921436  -2.72361      0.85
 0.921586  -2.72026      0.85
 0.921736  -2.71691      0.85
 0.921886  -2.71357      0.85
 0.922036  -2.71023      0.85
 0.922186  -2.70689      0.85
 0.922336  -2.70357      0.85
 0.922486  -2.70024      0.85
 0.922636  -2.69693      0.85
 0.922786  -2.69361      0.85
 0.922936  -2.69031      0.85
 0.923087    -2.687      0.85
 0.923237  -2.68371      0.85
 0.923387  -2.68042      0.85
 0.923537  -2.67713      0.85
 0.923687  -2.67385      0.85
 0.923837  -2.67057      0.85
 0.923987   -2.6673      0.85
 0.924137  -2.66403      0.85
 0.924287  -2.66077      0.85
 0.924437  -2.65751      0.85
 0.924587  -2.65426      0.85
 0.924737  -2.65102      0.85
 0.924887  -2.64777      0.85
 0.925038  -2.64454      0.85
 0.925188  -2.64131      0.85
 0.925338  -2.63808      0.85
 0.925488  -2.63486      0.85
 0.925638  -2.63164      0.85
 0.925788  -2.62843      0.85
 0.925938  -2.62522      0.85
 0.926088  -2.62202      0.85
 0.926238  -2.61882      0.85
 0.926388  -2.61563      0.85
 0.926538  -2.61245      0.85
 0.926688  -2.60926      0.85
 0.926838  -2.60609      0.85
 0.926988  -2.60291      0.85
 0.927139  -2.59975      0.85
 0.927289  -2.59658      0.85
 0.927439  -2.59343      0.85
 0.927589  -2.59027      0.85
 0.927739  -2.58713      0.85
 0.927889  -2.58398      0.85
 0.928039  -2.58084      0.85
 0.928189  -2.57771      0.85
 0.928339  -2.57458      0.85
 0.928489  -2.57146      0.85
 0.928639  -2.56834      0.85
 0.928789  -2.56522      0.85
 0.928939  -2.56211      0.85
  0.92909  -2.55901      0.85
  0.92924  -2.55591      0.85
  0.92939  -2.55281      0.85
  0.92954  -2.54972      0.85
  0.92969  -2.54664      0.85
  0.92984  -2.54356      0.85
  0.92999  -2.54048      0.85
  0.93014  -2.53741      0.85
  0.93029  -2.53434      0.85
  0.93044  -2.53128      0.85
  0.93059  -2.52822      0.85
  0.93074  -2.52517      0.85
  0.93089  -2.52212      0.85
 0.931041  -2.51907      0.85
 0.931191  -2.51603      0.85
 0.931341    -2.513      0.85
 0.931491  -2.50997      0.85
 0.931641  -2.50694      0.85
 0.931791  -2.50392      0.85
 0.931941  -2.50091      0.85
 0.932091  -2.49789      0.85
 0.932241  -2.49489      0.85
 0.932391  -2.49188      0.85
 0.932541  -2.48889      0.85
 0.932691  -2.48589      0.85
 0.932841   -2.4829      0.85
 0.932991  -2.47992      0.85
 0.933142  -2.47694      0.85
 0.933292  -2.47396      0.85
 0.933442  -2.47099      0.85
 0.933592  -2.46803      0.85
 0.933742  -2.46507      0.85
 0.933892  -2.46211      0.85
 0.934042  -2.45916      0.85
 0.934192  -2.45621      0.85
 0.934342  -2.45326      0.85
 0.934492  -2.45032      0.85
 0.934642  -2.44739      0.85
 0.934792  -2.44446      0.85
 0.934942  -2.44153      0.85
 0.935093  -2.43861      0.85
 0.935243  -2.43569      0.85
 0.935393  -2.43278      0.85
 0.935543  -2.42987      0.85
 0.935693  -2.42697      0.85
 0.935843  -2.42407      0.85
 0.935993  -2.42117      0.85
 0.936143  -2.41828      0.85
 0.936293  -2.41539      0.85
 0.936443  -2.41251      0.85
 0.936593  -2.40963      0.85
 0.936743  -2.40676      0.85
 0.936893  -2.40389      0.85
 0.937044  -2.40102      0.85
 0.937194  -2.39816      0.85
 0.937344  -2.39531      0.85
 0.937494  -2.39245      0.85
 0.937644  -2.38961      0.85
 0.937794  -2.38676      0.85
 0.937944  -2.38392      0.85
 0.938094  -2.38109      0.85
 0.938244  -2.37826      0.85
 0.938394  -2.37543      0.85
 0.938544  -2.37261      0.85
 0.938694  -2.36979      0.85
 0.938844  -2.36698      0.85
 0.938994  -2.36417      0.85
 0.939145  -2.36136      0.85
 0.939295  -2.35856      0.85
 0.939445  -2.35576      0.85
 0.939595  -2.35297      0.85
 0.939745  -2.35018      0.85
 0.939895   -2.3474      0.85
 0.940045  -2.34462      0.85
 0.940195  -2.34184      0.85
 0.940345  -2.33907      0.85
 0.940495   -2.3363      0.85
 0.940645  -2.33354      0.85
 0.940795  -2.33078      0.85
 0.940945  -2.32802      0.85
 0.941096  -2.32527      0.85
 0.941246  -2.32252      0.85
 0.941396  -2.31978      0.85
 0.941546  -2.31704      0.85
 0.941696   -2.3143      0.85
 0.941846  -2.31157      0.85
 0.941996  -2.30885      0.85
 0.942146  -2.30612      0.85
 0.942296   -2.3034      0.85
 0.942446  -2.30069      0.85
 0.942596  -2.29798      0.85
 0.942746  -2.29527      0.85
 0.942896  -2.29257      0.85
 0.943047  -2.28987      0.85
 0.943197  -2.28717      0.85
 0.943347  -2.28448      0.85
 0.943497   -2.2818      0.85
 0.943647  -2.27911      0.85
 0.943797  -2.27644      0.85
 0.943947  -2.27376      0.85
 0.944097  -2.27109      0.85
 0.944247  -2.26842      0.85
 0.944397  -2.26576      0.85
 0.944547   -2.2631      0.85
 0.944697  -2.26045      0.85
 0.944847  -2.25779      0.85
 0.944997  -2.25515      0.85
 0.945148   -2.2525      0.85
 0.945298  -2.24986      0.85
 0.945448  -2.24723      0.85
 0.945598   -2.2446      0.85
 0.945748  -2.24197      0.85
 0.945898  -2.23935      0.85
 0.946048  -2.23673      0.85
 0.946198  -2.23411      0.85
 0.946348   -2.2315      0.85
 0.946498  -2.22889      0.85
 0.946648  -2.22628      0.85
 0.946798  -2.22368      0.85
 0.946948  -2.22109      0.85
 0.947099  -2.21849      0.85
 0.947249   -2.2159      0.85
 0.947399  -2.21332      0.85
 0.947549  -2.21074      0.85
 0.947699  -2.20816      0.85
 0.947849  -2.20558      0.85
 0.947999  -2.20301      0.85
 0.948149  -2.20045      0.85
 0.948299  -2.19788      0.85
 0.948449  -2.19533      0.85
 0.948599  -2.19277      0.85
 0.948749  -2.19022      0.85
 0.948899  -2.18767      0.85
  0.94905  -2.18513      0.85
   0.9492  -2.18259      0.85
  0.94935  -2.18005      0.85
   0.9495  -2.17752      0.85
  0.94965  -2.17499      0.85
   0.9498  -2.17246      0.85
  0.94995  -2.16994      0.85
   0.9501  -2.16742      0.85
  0.95025  -2.16491      0.85
   0.9504   -2.1624      0.85
  0.95055  -2.15989      0.85
   0.9507  -2.15739      0.85
  0.95085  -2.15489      0.85
 0.951001  -2.15239      0.85
 0.951151   -2.1499      0.85
 0.951301  -2.14741      0.85
 0.951451  -2.14493      0.85
 0.951601  -2.14245      0.85
 0.951751  -2.13997      0.85
 0.951901  -2.13749      0.85
 0.952051  -2.13502      0.85
 0.952201  -2.13256      0.85
 0.952351  -2.13009      0.85
 0.952501  -2.12763      0.85
 0.952651  -2.12518      0.85
 0.952801  -2.12272      0.85
 0.952951  -2.12027      0.85
 0.953102  -2.11783      0.85
 0.953252  -2.11539      0.85
 0.953402  -2.11295      0.85
 0.953552  -2.11051      0.85
 0.953702  -2.10808      0.85
 0.953852  -2.10565      0.85
 0.954002  -2.10323      0.85
 0.954152  -2.10081      0.85
 0.954302  -2.09839      0.85
 0.954452  -2.09598      0.85
 0.954602  -2.09357      0.85
 0.954752  -2.09116      0.85
 0.954902  -2.08876      0.85
 0.955053  -2.08636      0.85
 0.955203  -2.08396      0.85
 0.955353  -2.08157      0.85
 0.955503  -2.07918      0.85
 0.955653  -2.07679      0.85
 0.955803  -2.07441      0.85
 0.955953  -2.07203      0.85
 0.956103  -2.06966      0.85
 0.956253  -2.06728      0.85
 0.956403  -2.06492      0.85
 0.956553  -2.06255      0.85
 0.956703  -2.06019      0.85
 0.956853  -2.05783      0.85
 0.957004  -2.05548      0.85
 0.957154  -2.05312      0.85
 0.957304  -2.05078      0.85
 0.957454  -2.04843      0.85
 0.957604  -2.04609      0.85
 0.957754  -2.04375      0.85
 0.957904  -2.04142      0.85
 0.958054  -2.03909      0.85
 0.958204  -2.03676      0.85
 0.958354  -2.03443      0.85
 0.958504  -2.03211      0.85
 0.958654  -2.02979      0.85
 0.958804  -2.02748      0.85
 0.958954  -2.02517      0.85
 0.959105  -2.02286      0.85
 0.959255  -2.02055      0.85
 0.959405  -2.01825      0.85
 0.959555  -2.01596      0.85
 0.959705  -2.01366      0.85
 0.959855  -2.01137      0.85
 0.960005  -2.00908      0.85
 0.960155   -2.0068      0.85
 0.960305  -2.00451      0.85
 0.960455  -2.00224      0.85
 0.960605  -1.99996      0.85
 0.960755  -1.99769      0.85
 0.960905  -1.99542      0.85
 0.961056  -1.99316      0.85
 0.961206  -1.99089      0.85
 0.961356  -1.98863      0.85
 0.961506  -1.98638      0.85
 0.961656  -1.98413      0.85
 0.961806  -1.98188      0.85
 0.961956  -1.97963      0.85
 0.962106  -1.97739      0.85
 0.962256  -1.97515      0.85
 0.962406  -1.97291      0.85
 0.962556  -1.97068      0.85
 0.962706  -1.96845      0.85
 0.962856  -1.96622      0.85
 0.963007    -1.964      0.85
 0.963157  -1.96178      0.85
 0.963307  -1.95956      0.85
 0.963457  -1.95735      0.85
 0.963607  -1.95514      0.85
 0.963757  -1.95293      0.85
 0.963907  -1.95072      0.85
 0.964057  -1.94852      0.85
 0.964207  -1.94632      0.85
 0.964357  -1.94413      0.85
 0.964507  -1.94194      0.85
 0.964657  -1.93975      0.85
 0.964807  -1.93756      0.85
 0.964957  -1.93538      0.85
 0.965108   -1.9332      0.85
 0.965258  -1.93102      0.85
 0.965408  -1.92885      0.85
 0.965558  -1.92668      0.85
 0.965708  -1.92451      0.85
 0.965858  -1.92235      0.85
 0.966008  -1.92019      0.85
 0.966158  -1.91803      0.85
 0.966308  -1.91587      0.85
 0.966458  -1.91372      0.85
 0.966608  -1.91157      0.85
 0.966758  -1.90943      0.85
 0.966908  -1.90728      0.85
 0.967059  -1.90514      0.85
 0.967209  -1.90301      0.85
 0.967359  -1.90087      0.85
 0.967509  -1.89874      0.85
 0.967659  -1.89661      0.85
 0.967809  -1.89449      0.85
 0.967959  -1.89237      0.85
 0.968109  -1.89025      0.85
 0.968259  -1.88813      0.85
 0.968409  -1.88602      0.85
 0.968559  -1.88391      0.85
 0.968709   -1.8818      0.85
 0.968859   -1.8797      0.85
  0.96901   -1.8776      0.85
  0.96916   -1.8755      0.85
  0.96931  -1.87341      0.85
  0.96946  -1.87131      0.85
  0.96961  -1.86923      0.85
  0.96976  -1.86714      0.85
  0.96991  -1.86506      0.85
  0.97006  -1.86298      0.85
  0.97021   -1.8609      0.85
  0.97036  -1.85882      0.85
  0.97051  -1.85675      0.85
  0.97066  -1.85468      0.85
  0.97081  -1.85262      0.85
  0.97096  -1.85056      0.85
 0.971111   -1.8485      0.85
 0.971261  -1.84644      0.85
 0.971411  -1.84438      0.85
 0.971561  -1.84233      0.85
 0.971711  -1.84029      0.85
 0.971861  -1.83824      0.85
 0.972011   -1.8362      0.85
 0.972161  -1.83416      0.85
 0.972311  -1.83212      0.85
 0.972461  -1.83009      0.85
 0.972611  -1.82806      0.85
 0.972761  -1.82603      0.85
 0.972911    -1.824      0.85
 0.973062  -1.82198      0.85
 0.973212  -1.81996      0.85
 0.973362  -1.81794      0.85
 0.973512  -1.81593      0.85
 0.973662  -1.81392      0.85
 0.973812  -1.81191      0.85
 0.973962   -1.8099      0.85
 0.974112   -1.8079      0.85
 0.974262   -1.8059      0.85
 0.974412   -1.8039      0.85
 0.974562  -1.80191      0.85
 0.974712  -1.79992      0.85
 0.974862  -1.79793      0.85
 0.975013  -1.79594      0.85
 0.975163  -1.79396      0.85
 0.975313  -1.79198      0.85
 0.975463     -1.79      0.85
 0.975613  -1.78802      0.85
 0.975763  -1.78605      0.85
 0.975913  -1.78408      0.85
 0.976063  -1.78211      0.85
 0.976213  -1.78015      0.85
 0.976363  -1.77819      0.85
 0.976513  -1.77623      0.85
 0.976663  -1.77427      0.85
 0.976813  -1.77232      0.85
 0.976963  -1.77037      0.85
 0.977114  -1.76842      0.85
 0.977264  -1.76648      0.85
 0.977414  -1.76453      0.85
 0.977564  -1.76259      0.85
 0.977714  -1.76066      0.85
 0.977864  -1.75872      0.85
 0.978014  -1.75679      0.85
 0.978164  -1.75486      0.85
 0.978314  -1.75293      0.85
 0.978464  -1.75101      0.85
 0.978614  -1.74909      0.85
 0.978764  -1.74717      0.85
 0.978914  -1.74526      0.85
 0.979065  -1.74334      0.85
 0.979215  -1.74143      0.85
 0.979365  -1.73952      0.85
 0.979515  -1.73762      0.85
 0.979665  -1.73572      0.85
 0.979815  -1.73382      0.85
 0.979965  -1.73192      0.85
 0.980115  -1.73002      0.85
 0.980265  -1.72813      0.85
 0.980415  -1.72624      0.85
 0.980565  -1.72436      0.85
 0.980715  -1.72247      0.85
 0.980865  -1.72059      0.85
 0.981016  -1.71871      0.85
 0.981166  -1.71683      0.85
 0.981316  -1.71496      0.85
 0.981466  -1.71309      0.85
 0.981616  -1.71122      0.85
 0.981766  -1.70935      0.85
 0.981916  -1.70749      0.85
 0.982066  -1.70563      0.85
 0.982216  -1.70377      0.85
 0.982366  -1.70191      0.85
 0.982516  -1.70006      0.85
 0.982666  -1.69821      0.85
 0.982816  -1.69636      0.85
 0.982966  -1.69452      0.85
 0.983117  -1.69267      0.85
 0.983267  -1.69083      0.85
 0.983417  -1.68899      0.85
 0.983567  -1.68716      0.85
 0.983717  -1.68532      0.85
 0.983867  -1.68349      0.85
 0.984017  -1.68167      0.85
 0.984167  -1.67984      0.85
 0.984317  -1.67802      0.85
 0.984467   -1.6762      0.85
 0.984617  -1.67438      0.85
 0.984767  -1.67256      0.85
 0.984917  -1.67075      0.85
 0.985068  -1.66894      0.85
 0.985218  -1.66713      0.85
 0.985368  -1.66533      0.85
 0.985518  -1.66352      0.85
 0.985668  -1.66172      0.85
 0.985818  -1.65992      0.85
 0.985968  -1.65813      0.85
 0.986118  -1.65633      0.85
 0.986268  -1.65454      0.85
 0.986418  -1.65275      0.85
 0.986568  -1.65097      0.85
 0.986718  -1.64918      0.85
 0.986868   -1.6474      0.85
 0.987019  -1.64562      0.85
 0.987169  -1.64385      0.85
 0.987319  -1.64207      0.85
 0.987469   -1.6403      0.85
 0.987619  -1.63853      0.85
 0.987769  -1.63677      0.85
 0.987919    -1.635      0.85
 0.988069  -1.63324      0.85
 0.988219  -1.63148      0.85
 0.988369  -1.62972      0.85
 0.988519  -1.62797      0.85
 0.988669  -1.62622      0.85
 0.988819  -1.62447      0.85
 0.988969  -1.62272      0.85
  0.98912  -1.62097      0.85
  0.98927  -1.61923      0.85
  0.98942  -1.61749      0.85
  0.98957  -1.61575      0.85
  0.98972  -1.61401      0.85
  0.98987  -1.61228      0.85
  0.99002  -1.61055      0.85
  0.99017  -1.60882      0.85
  0.99032   -1.6071      0.85
  0.99047  -1.60537      0.85
  0.99062  -1.60365      0.85
  0.99077  -1.60193      0.85
  0.99092  -1.60021      0.85
 0.991071   -1.5985      0.85
 0.991221  -1.59679      0.85
 0.991371  -1.59508      0.85
 0.991521  -1.59337      0.85
 0.991671  -1.59166      0.85
 0.991821  -1.58996      0.85
 0.991971  -1.58826      0.85
 0.992121  -1.58656      0.85
 0.992271  -1.58486      0.85
 0.992421  -1.58317      0.85
 0.992571  -1.58148      0.85
 0.992721  -1.57979      0.85
 0.992871   -1.5781      0.85
 0.993022  -1.57641      0.85
 0.993172  -1.57473      0.85
 0.993322  -1.57305      0.85
 0.993472  -1.57137      0.85
 0.993622   -1.5697      0.85
 0.993772  -1.56802      0.85
 0.993922  -1.56635      0.85
 0.994072  -1.56468      0.85
 0.994222  -1.56302      0.85
 0.994372  -1.56135      0.85
 0.994522  -1.55969      0.85
 0.994672  -1.55803      0.85
 0.994822  -1.55637      0.85
 0.994972  -1.55472      0.85
 0.995123  -1.55306      0.85
 0.995273  -1.55141      0.85
 0.995423  -1.54976      0.85
 0.995573  -1.54811      0.85
 0.995723  -1.54647      0.85
 0.995873  -1.54483      0.85
 0.996023  -1.54319      0.85
 0.996173  -1.54155      0.85
 0.996323  -1.53991      0.85
 0.996473  -1.53828      0.85
 0.996623  -1.53665      0.85
 0.996773  -1.53502      0.85
 0.996923  -1.53339      0.85
 0.997074  -1.53177      0.85
 0.997224  -1.53014      0.85
 0.997374  -1.52852      0.85
 0.997524   -1.5269      0.85
 0.997674  -1.52529      0.85
 0.997824  -1.52367      0.85
 0.997974  -1.52206      0.85
 0.998124  -1.52045      0.85
 0.998274  -1.51884      0.85
 0.998424  -1.51724      0.85
 0.998574  -1.51564      0.85
 0.998724  -1.51403      0.85
 0.998874  -1.51244      0.85
 0.999025  -1.51084      0.85
 0.999175  -1.50924      0.85
 0.999325  -1.50765      0.85
 0.999475  -1.50606      0.85
 0.999625  -1.50447      0.85
 0.999775  -1.50288      0.85
 0.999925   -1.5013      0.85
  1.00008  -1.49972      0.85
  1.00023  -1.49814      0.85
  1.00038  -1.49656      0.85
  1.00053  -1.49498      0.85
  1.00068  -1.49341      0.85
  1.00083  -1.49184      0.85
  1.00098  -1.49027      0.85
  1.00113   -1.4887      0.85
  1.00128  -1.48714      0.85
  1.00143  -1.48557      0.85
  1.00158  -1.48401      0.85
  1.00173  -1.48245      0.85
  1.00188   -1.4809      0.85
  1.00203  -1.47934      0.85
  1.00218  -1.47779      0.85
  1.00233  -1.47624      0.85
  1.00248  -1.47469      0.85
  1.00263  -1.47314      0.85
  1.00278   -1.4716      0.85
  1.00293  -1.47005      0.85
  1.00308  -1.46851      0.85
  1.00323  -1.46697      0.85
  1.00338  -1.46544      0.85
  1.00353   -1.4639      0.85
  1.00368  -1.46237      0.85
  1.00383  -1.46084      0.85
  1.00398  -1.45931      0.85
  1.00413  -1.45778      0.85
  1.00428  -1.45626      0.85
  1.00443  -1.45474      0.85
  1.00458  -1.45322      0.85
  1.00473   -1.4517      0.85
  1.00488  -1.45018      0.85
  1.00503  -1.44867      0.85
  1.00518  -1.44715      0.85
  1.00533  -1.44564      0.85
  1.00548  -1.44413      0.85
  1.00563  -1.44263      0.85
  1.00578  -1.44112      0.85
  1.00593  -1.43962      0.85
  1.00608  -1.43812      0.85
  1.00623  -1.43662      0.85
  1.00638  -1.43512      0.85
  1.00653  -1.43363      0.85
  1.00668  -1.43214      0.85
  1.00683  -1.43065      0.85
  1.00698  -1.42916      0.85
  1.00713  -1.42767      0.85
  1.00728  -1.42619      0.85
  1.00743   -1.4247      0.85
  1.00758  -1.42322      0.85
  1.00773  -1.42174      0.85
  1.00788  -1.42026      0.85
  1.00803  -1.41879      0.85
  1.00818  -1.41732      0.85
  1.00833  -1.41585      0.85
  1.00848  -1.41438      0.85
  1.00863  -1.41291      0.85
  1.00878  -1.41144      0.85
  1.00893  -1.40998      0.85
  1.00908  -1.40852      0.85
  1.00923  -1.40706      0.85
  1.00938   -1.4056      0.85
  1.00953  -1.40414      0.85
  1.00968  -1.40269      0.85
  1.00983  -1.40124      0.85
  1.00998  -1.39979      0.85
  1.01013  -1.39834      0.85
  1.01028  -1.39689      0.85
  1.01043  -1.39545      0.85
  1.01058    -1.394      0.85
  1.01073  -1.39256      0.85
  1.01088  -1.39112      0.85
  1.01103  -1.38969      0.85
  1.01118  -1.38825      0.85
  1.01133  -1.38682      0.85
  1.01148  -1.38539      0.85
  1.01163  -1.38396      0.85
  1.01178  -1.38253      0.85
  1.01193   -1.3811      0.85
  1.01208  -1.37968      0.85
  1.01223  -1.37826      0.85
  1.01238  -1.37684      0.85
  1.01253  -1.37542      0.85
  1.01268    -1.374      0.85
  1.01283  -1.37259      0.85
  1.01298  -1.37117      0.85
  1.01313  -1.36976      0.85
  1.01328  -1.36835      0.85
  1.01343  -1.36695      0.85
  1.01358  -1.36554      0.85
  1.01373  -1.36414      0.85
  1.01388  -1.36273      0.85
  1.01403  -1.36133      0.85
  1.01418  -1.35993      0.85
  1.01433  -1.35854      0.85
  1.01448  -1.35714      0.85
  1.01463  -1.35575      0.85
  1.01478  -1.35436      0.85
  1.01493  -1.35297      0.85
  1.01508  -1.35158      0.85
  1.01523   -1.3502      0.85
  1.01538  -1.34881      0.85
  1.01553  -1.34743      0.85
  1.01568  -1.34605      0.85
  1.01583  -1.34467      0.85
  1.01598  -1.34329      0.85
  1.01613  -1.34192      0.85
  1.01628  -1.34055      0.85
  1.01643  -1.33917      0.85
  1.01658   -1.3378      0.85
  1.01673  -1.33644      0.85
  1.01688  -1.33507      0.85
  1.01703  -1.33371      0.85
  1.01718  -1.33234      0.85
  1.01733  -1.33098      0.85
  1.01748  -1.32962      0.85
  1.01763  -1.32826      0.85
  1.01778  -1.32691      0.85
  1.01793  -1.32556      0.85
  1.01808   -1.3242      0.85
  1.01823  -1.32285      0.85
  1.01838   -1.3215      0.85
  1.01853  -1.32016      0.85
  1.01868  -1.31881      0.85
  1.01883  -1.31747      0.85
  1.01898  -1.31613      0.85
  1.01913  -1.31479      0.85
  1.01928  -1.31345      0.85
  1.01943  -1.31211      0.85
  1.01958  -1.31078      0.85
  1.01973  -1.30944      0.85
  1.01988  -1.30811      0.85
  1.02004  -1.30678      0.85
  1.02019  -1.30545      0.85
  1.02034  -1.30413      0.85
  1.02049   -1.3028      0.85
  1.02064  -1.30148      0.85
  1.02079  -1.30016      0.85
  1.02094  -1.29884      0.85
  1.02109  -1.29752      0.85
  1.02124   -1.2962      0.85
  1.02139  -1.29489      0.85
  1.02154  -1.29358      0.85
  1.02169  -1.29227      0.85
  1.02184  -1.29096      0.85
  1.02199  -1.28965      0.85
  1.02214  -1.28834      0.85
  1.02229  -1.28704      0.85
  1.02244  -1.28573      0.85
  1.02259  -1.28443      0.85
  1.02274  -1.28313      0.85
  1.02289  -1.28184      0.85
  1.02304  -1.28054      0.85
  1.02319  -1.27924      0.85
  1.02334  -1.27795      0.85
  1.02349  -1.27666      0.85
  1.02364  -1.27537      0.85
  1.02379  -1.27408      0.85
  1.02394   -1.2728      0.85
  1.02409  -1.27151      0.85
  1.02424  -1.27023      0.85
  1.02439  -1.26895      0.85
  1.02454  -1.26767      0.85
  1.02469  -1.26639      0.85
  1.02484  -1.26511      0.85
  1.02499  -1.26384      0.85
  1.02514  -1.26256      0.85
  1.02529  -1.26129      0.85
  1.02544  -1.26002      0.85
  1.02559  -1.25875      0.85
  1.02574  -1.25749      0.85
  1.02589  -1.25622      0.85
  1.02604  -1.25496      0.85
  1.02619   -1.2537      0.85
  1.02634  -1.25244      0.85
  1.02649  -1.25118      0.85
  1.02664  -1.24992      0.85
  1.02679  -1.24866      0.85
  1.02694  -1.24741      0.85
  1.02709  -1.24616      0.85
  1.02724  -1.24491      0.85
  1.02739  -1.24366      0.85
  1.02754  -1.24241      0.85
  1.02769  -1.24116      0.85
  1.02784  -1.23992      0.85
  1.02799  -1.23868      0.85
  1.02814  -1.23744      0.85
  1.02829   -1.2362      0.85
  1.02844  -1.23496      0.85
  1.02859  -1.23372      0.85
  1.02874  -1.23249      0.85
  1.02889  -1.23125      0.85
  1.02904  -1.23002      0.85
  1.02919  -1.22879      0.85
  1.02934  -1.22756      0.85
  1.02949  -1.22633      0.85
  1.02964  -1.22511      0.85
  1.02979  -1.22388      0.85
  1.02994  -1.22266      0.85
  1.03009  -1.22144      0.85
  1.03024  -1.22022      0.85
  1.03039    -1.219      0.85
  1.03054  -1.21778      0.85
  1.03069  -1.21657      0.85
  1.03084  -1.21536      0.85
  1.03099  -1.21414      0.85
  1.03114  -1.21293      0.85
  1.03129  -1.21172      0.85
  1.03144  -1.21052      0.85
  1.03159  -1.20931      0.85
  1.03174  -1.20811      0.85
  1.03189   -1.2069      0.85
  1.03204   -1.2057      0.85
  1.03219   -1.2045      0.85
  1.03234   -1.2033      0.85
  1.03249  -1.20211      0.85
  1.03264  -1.20091      0.85
  1.03279  -1.19972      0.85
  1.03294  -1.19853      0.85
  1.03309  -1.19733      0.85
  1.03324  -1.19615      0.85
  1.03339  -1.19496      0.85
  1.03354  -1.19377      0.85
  1.03369  -1.19259      0.85
  1.03384   -1.1914      0.85
  1.03399  -1.19022      0.85
  1.03414  -1.18904      0.85
  1.03429  -1.18786      0.85
  1.03444  -1.18668      0.85
  1.03459  -1.18551      0.85
  1.03474  -1.18433      0.85
  1.03489  -1.18316      0.85
  1.03504  -1.18199      0.85
  1.03519  -1.18082      0.85
  1.03534  -1.17965      0.85
  1.03549  -1.17848      0.85
  1.03564  -1.17732      0.85
  1.03579  -1.17615      0.85
  1.03594  -1.17499      0.85
  1.03609  -1.17383      0.85
  1.03624  -1.17267      0.85
  1.03639  -1.17151      0.85
  1.03654  -1.17035      0.85
  1.03669   -1.1692      0.85
  1.03684  -1.16804      0.85
  1.03699  -1.16689      0.85
  1.03714  -1.16574      0.85
  1.03729  -1.16459      0.85
  1.03744  -1.16344      0.85
  1.03759  -1.16229      0.85
  1.03774  -1.16115      0.85
  1.03789     -1.16      0.85
  1.03804  -1.15886      0.85
  1.03819  -1.15772      0.85
  1.03834  -1.15658      0.85
  1.03849  -1.15544      0.85
  1.03864   -1.1543      0.85
  1.03879  -1.15317      0.85
  1.03894  -1.15203      0.85
  1.03909   -1.1509      0.85
  1.03924  -1.14977      0.85
  1.03939  -1.14864      0.85
  1.03954  -1.14751      0.85
  1.03969  -1.14638      0.85
  1.03984  -1.14526      0.85
  1.03999  -1.14413      0.85
  1.04015  -1.14301      0.85
   1.0403  -1.14189      0.85
  1.04045  -1.14077      0.85
   1.0406  -1.13965      0.85
  1.04075  -1.13853      0.85
   1.0409  -1.13741      0.85
  1.04105   -1.1363      0.85
   1.0412  -1.13519      0.85
  1.04135  -1.13407      0.85
   1.0415  -1.13296      0.85
  1.04165  -1.13185      0.85
   1.0418  -1.13075      0.85
  1.04195  -1.12964      0.85
   1.0421  -1.12854      0.85
  1.04225  -1.12743      0.85
   1.0424  -1.12633      0.85
  1.04255  -1.12523      0.85
   1.0427  -1.12413      0.85
  1.04285  -1.12303      0.85
    1.043  -1.12193      0.85
  1.04315  -1.12084      0.85
   1.0433  -1.11974      0.85
  1.04345  -1.11865      0.85
   1.0436  -1.11756      0.85
  1.04375  -1.11647      0.85
   1.0439  -1.11538      0.85
  1.04405  -1.11429      0.85
   1.0442   -1.1132      0.85
  1.04435  -1.11212      0.85
   1.0445  -1.11104      0.85
  1.04465  -1.10995      0.85
   1.0448  -1.10887      0.85
  1.04495  -1.10779      0.85
   1.0451  -1.10672      0.85
  1.04525  -1.10564      0.85
   1.0454  -1.10456      0.85
  1.04555  -1.10349      0.85
   1.0457  -1.10242      0.85
  1.04585  -1.10134      0.85
    1.046  -1.10027      0.85
  1.04615   -1.0992      0.85
   1.0463  -1.09814      0.85
  1.04645  -1.09707      0.85
   1.0466  -1.09601      0.85
  1.04675  -1.09494      0.85
   1.0469  -1.09388      0.85
  1.04705  -1.09282      0.85
   1.0472  -1.09176      0.85
  1.04735   -1.0907      0.85
   1.0475  -1.08964      0.85
  1.04765  -1.08859      0.85
   1.0478  -1.08753      0.85
  1.04795  -1.08648      0.85
   1.0481  -1.08543      0.85
  1.04825  -1.08437      0.85
   1.0484  -1.08332      0.85
  1.04855  -1.08228      0.85
   1.0487  -1.08123      0.85
  1.04885  -1.08018      0.85
    1.049  -1.07914      0.85
  1.04915   -1.0781      0.85
   1.0493  -1.07705      0.85
  1.04945  -1.07601      0.85
   1.0496  -1.07497      0.85
  1.04975  -1.07394      0.85
   1.0499   -1.0729      0.85
  1.05005  -1.07186      0.85
   1.0502  -1.07083      0.85
  1.05035   -1.0698      0.85
   1.0505  -1.06876      0.85
  1.05065  -1.06773      0.85
   1.0508   -1.0667      0.85
  1.05095  -1.06568      0.85
   1.0511  -1.06465      0.85
  1.05125  -1.06362      0.85
   1.0514   -1.0626      0.85
  1.05155  -1.06158      0.85
   1.0517  -1.06055      0.85
  1.05185  -1.05953      0.85
    1.052  -1.05851      0.85
  1.05215   -1.0575      0.85
   1.0523  -1.05648      0.85
  1.05245  -1.05546      0.85
   1.0526  -1.05445      0.85
  1.05275  -1.05344      0.85
   1.0529  -1.05242      0.85
  1.05305  -1.05141      0.85
   1.0532   -1.0504      0.85
  1.05335   -1.0494      0.85
   1.0535  -1.04839      0.85
  1.05365  -1.04738      0.85
   1.0538  -1.04638      0.85
  1.05395  -1.04537      0.85
   1.0541  -1.04437      0.85
  1.05425  -1.04337      0.85
   1.0544  -1.04237      0.85
  1.05455  -1.04137      0.85
   1.0547  -1.04038      0.85
  1.05485  -1.03938      0.85
    1.055  -1.03838      0.85
  1.05515  -1.03739      0.85
   1.0553   -1.0364      0.85
  1.05545  -1.03541      0.85
   1.0556  -1.03442      0.85
  1.05575  -1.03343      0.85
   1.0559  -1.03244      0.85
  1.05605  -1.03145      0.85
   1.0562  -1.03047      0.85
  1.05635  -1.02948      0.85
   1.0565   -1.0285      0.85
  1.05665  -1.02752      0.85
   1.0568  -1.02654      0.85
  1.05695  -1.02556      0.85
   1.0571  -1.02458      0.85
  1.05725   -1.0236      0.85
   1.0574  -1.02263      0.85
  1.05755  -1.02165      0.85
   1.0577  -1.02068      0.85
  1.05785  -1.01971      0.85
    1.058  -1.01874      0.85
  1.05815  -1.01777      0.85
   1.0583   -1.0168      0.85
  1.05845  -1.01583      0.85
   1.0586  -1.01486      0.85
  1.05875   -1.0139      0.85
   1.0589  -1.01293      0.85
  1.05905  -1.01197      0.85
   1.0592  -1.01101      0.85
  1.05935  -1.01005      0.85
   1.0595  -1.00909      0.85
  1.05965  -1.00813      0.85
   1.0598  -1.00717      0.85
  1.05995  -1.00621      0.85
  1.06011  -1.00526      0.85
  1.06026  -1.00431      0.85
  1.06041  -1.00335      0.85
  1.06056   -1.0024      0.85
  1.06071  -1.00145      0.85
  1.06086   -1.0005      0.85
  1.06101 -0.999553      0.85
  1.06116 -0.998606      0.85
  1.06131  -0.99766      0.85
  1.06146 -0.996715      0.85
  1.06161 -0.995771      0.85
  1.06176 -0.994828      0.85
  1.06191 -0.993887      0.85
  1.06206 -0.992947      0.85
  1.06221 -0.992007      0.85
  1.06236 -0.991069      0.85
  1.06251 -0.990132      0.85
  1.06266 -0.989197      0.85
  1.06281 -0.988262      0.85
  1.06296 -0.987328      0.85
  1.06311 -0.986396      0.85
  1.06326 -0.985464      0.85
  1.06341 -0.984534      0.85
  1.06356 -0.983605      0.85
  1.06371 -0.982677      0.85
  1.06386  -0.98175      0.85
  1.06401 -0.980824      0.85
  1.06416 -0.979899      0.85
  1.06431 -0.978975      0.85
  1.06446 -0.978053      0.85
  1.06461 -0.977131      0.85
  1.06476 -0.976211      0.85
  1.06491 -0.975292      0.85
  1.06506 -0.974373      0.85
  1.06521 -0.973456      0.85
  1.06536  -0.97254      0.85
  1.06551 -0.971625      0.85
  1.06566 -0.970711      0.85
  1.06581 -0.969799      0.85
  1.06596 -0.968887      0.85
  1.06611 -0.967976      0.85
  1.06626 -0.967067      0.85
  1.06641 -0.966158      0.85
  1.06656 -0.965251      0.85
  1.06671 -0.964345      0.85
  1.06686  -0.96344      0.85
  1.06701 -0.962535      0.85
  1.06716 -0.961632      0.85
  1.06731  -0.96073      0.85
  1.06746 -0.959829      0.85
  1.06761  -0.95893      0.85
  1.06776 -0.958031      0.85
  1.06791 -0.957133      0.85
  1.06806 -0.956236      0.85
  1.06821 -0.955341      0.85
  1.06836 -0.954446      0.85
  1.06851 -0.953553      0.85
  1.06866  -0.95266      0.85
  1.06881 -0.951769      0.85
  1.06896 -0.950878      0.85
  1.06911 -0.949989      0.85
  1.06926 -0.949101      0.85
  1.06941 -0.948214      0.85
  1.06956 -0.947327      0.85
  1.06971 -0.946442      0.85
  1.06986 -0.945558      0.85
  1.07001 -0.944675      0.85
  1.07016 -0.943793      0.85
  1.07031 -0.942912      0.85
  1.07046 -0.942032      0.85
  1.07061 -0.941154      0.85
  1.07076 -0.940276      0.85
  1.07091 -0.939399      0.85
  1.07106 -0.938523      0.85
  1.07121 -0.937648      0.85
  1.07136 -0.936775      0.85
  1.07151 -0.935902      0.85
  1.07166  -0.93503      0.85
  1.07181  -0.93416      0.85
  1.07196  -0.93329      0.85
  1.07211 -0.932421      0.85
  1.07226 -0.931554      0.85
  1.07241 -0.930687      0.85
  1.07256 -0.929822      0.85
  1.07271 -0.928957      0.85
  1.07286 -0.928094      0.85
  1.07301 -0.927231      0.85
  1.07316  -0.92637      0.85
  1.07331 -0.925509      0.85
  1.07346  -0.92465      0.85
  1.07361 -0.923791      0.85
  1.07376 -0.922934      0.85
  1.07391 -0.922077      0.85
  1.07406 -0.921222      0.85
  1.07421 -0.920367      0.85
  1.07436 -0.919514      0.85
  1.07451 -0.918662      0.85
  1.07466  -0.91781      0.85
  1.07481  -0.91696      0.85
  1.07496  -0.91611      0.85
  1.07511 -0.915262      0.85
  1.07526 -0.914414      0.85
  1.07541 -0.913568      0.85
  1.07556 -0.912722      0.85
  1.07571 -0.911878      0.85
  1.07586 -0.911034      0.85
  1.07601 -0.910192      0.85
  1.07616  -0.90935      0.85
  1.07631 -0.908509      0.85
  1.07646  -0.90767      0.85
  1.07661 -0.906831      0.85
  1.07676 -0.905994      0.85
  1.07691 -0.905157      0.85
  1.07706 -0.904321      0.85
  1.07721 -0.903486      0.85
  1.07736 -0.902653      0.85
  1.07751  -0.90182      0.85
  1.07766 -0.900988      0.85
  1.07781 -0.900157      0.85
  1.07796 -0.899327      0.85
  1.07811 -0.898498      0.85
  1.07826  -0.89767      0.85
  1.07841 -0.896844      0.85
  1.07856 -0.896017      0.85
  1.07871 -0.895192      0.85
  1.07886 -0.894368      0.85
  1.07901 -0.893545      0.85
  1.07916 -0.892723      0.85
  1.07931 -0.891902      0.85
  1.07946 -0.891081      0.85
  1.07961 -0.890262      0.85
  1.07976 -0.889444      0.85
  1.07991 -0.888626      0.85
  1.08007  -0.88781      0.85
  1.08022 -0.886994      0.85
  1.08037  -0.88618      0.85
  1.08052 -0.885366      0.85
  1.08067 -0.884553      0.85
  1.08082 -0.883741      0.85
  1.08097 -0.882931      0.85
  1.08112 -0.882121      0.85
  1.08127 -0.881312      0.85
  1.08142 -0.880504      0.85
  1.08157 -0.879697      0.85
  1.08172 -0.878891      0.85
  1.08187 -0.878085      0.85
  1.08202 -0.877281      0.85
  1.08217 -0.876478      0.85
  1.08232 -0.875675      0.85
  1.08247 -0.874874      0.85
  1.08262 -0.874073      0.85
  1.08277 -0.873273      0.85
  1.08292 -0.872475      0.85
  1.08307 -0.871677      0.85
  1.08322  -0.87088      0.85
  1.08337 -0.870084      0.85
  1.08352 -0.869289      0.85
  1.08367 -0.868495      0.85
  1.08382 -0.867702      0.85
  1.08397 -0.866909      0.85
  1.08412 -0.866118      0.85
  1.08427 -0.865327      0.85
  1.08442 -0.864538      0.85
  1.08457 -0.863749      0.85
  1.08472 -0.862961      0.85
  1.08487 -0.862175      0.85
  1.08502 -0.861389      0.85
  1.08517 -0.860604      0.85
  1.08532 -0.859819      0.85
  1.08547 -0.859036      0.85
  1.08562 -0.858254      0.85
  1.08577 -0.857472      0.85
  1.08592 -0.856692      0.85
  1.08607 -0.855912      0.85
  1.08622 -0.855134      0.85
  1.08637 -0.854356      0.85
  1.08652 -0.853579      0.85
  1.08667 -0.852803      0.85
  1.08682 -0.852027      0.85
  1.08697 -0.851253      0.85
  1.08712  -0.85048      0.85
  1.08727 -0.849707      0.85
  1.08742 -0.848936      0.85
  1.08757 -0.848165      0.85
  1.08772 -0.847395      0.85
  1.08787 -0.846626      0.85
  1.08802 -0.845858      0.85
  1.08817 -0.845091      0.85
  1.08832 -0.844324      0.85
  1.08847 -0.843559      0.85
  1.08862 -0.842794      0.85
  1.08877  -0.84203      0.85
  1.08892 -0.841268      0.85
  1.08907 -0.840506      0.85
  1.08922 -0.839744      0.85
  1.08937 -0.838984      0.85
  1.08952 -0.838225      0.85
  1.08967 -0.837466      0.85
  1.08982 -0.836709      0.85
  1.08997 -0.835952      0.85
  1.09012 -0.835196      0.85
  1.09027 -0.834441      0.85
  1.09042 -0.833687      0.85
  1.09057 -0.832933      0.85
  1.09072 -0.832181      0.85
  1.09087 -0.831429      0.85
  1.09102 -0.830679      0.85
  1.09117 -0.829929      0.85
  1.09132  -0.82918      0.85
  1.09147 -0.828431      0.85
  1.09162 -0.827684      0.85
  1.09177 -0.826938      0.85
  1.09192 -0.826192      0.85
  1.09207 -0.825447      0.85
  1.09222 -0.824703      0.85
  1.09237  -0.82396      0.85
  1.09252 -0.823218      0.85
  1.09267 -0.822476      0.85
  1.09282 -0.821736      0.85
  1.09297 -0.820996      0.85
  1.09312 -0.820257      0.85
  1.09327 -0.819519      0.85
  1.09342 -0.818782      0.85
  1.09357 -0.818046      0.85
  1.09372  -0.81731      0.85
  1.09387 -0.816575      0.85
  1.09402 -0.815842      0.85
  1.09417 -0.815108      0.85
  1.09432 -0.814376      0.85
  1.09447 -0.813645      0.85
  1.09462 -0.812914      0.85
  1.09477 -0.812185      0.85
  1.09492 -0.811456      0.85
  1.09507 -0.810728      0.85
  1.09522     -0.81      0.85
  1.09537 -0.809274      0.85
  1.09552 -0.808548      0.85
  1.09567 -0.807824      0.85
  1.09582   -0.8071      0.85
  1.09597 -0.806376      0.85
  1.09612 -0.805654      0.85
  1.09627 -0.804933      0.85
  1.09642 -0.804212      0.85
  1.09657 -0.803492      0.85
  1.09672 -0.802773      0.85
  1.09687 -0.802055      0.85
  1.09702 -0.801337      0.85
  1.09717 -0.800621      0.85
  1.09732 -0.799905      0.85
  1.09747  -0.79919      0.85
  1.09762 -0.798476      0.85
  1.09777 -0.797762      0.85
  1.09792 -0.797049      0.85
  1.09807 -0.796338      0.85
  1.09822 -0.795627      0.85
  1.09837 -0.794916      0.85
  1.09852 -0.794207      0.85
  1.09867 -0.793498      0.85
  1.09882 -0.792791      0.85
  1.09897 -0.792084      0.85
  1.09912 -0.791377      0.85
  1.09927 -0.790672      0.85
  1.09942 -0.789967      0.85
  1.09957 -0.789264      0.85
  1.09972 -0.788561      0.85
  1.09987 -0.787858      0.85
  1.10003 -0.787157      0.85
  1.10018 -0.786456      0.85
  1.10033 -0.785756      0.85
  1.10048 -0.785057      0.85
  1.10063 -0.784359      0.85
  1.10078 -0.783661      0.85
  1.10093 -0.782964      0.85
  1.10108 -0.782269      0.85
  1.10123 -0.781573      0.85
  1.10138 -0.780879      0.85
  1.10153 -0.780185      0.85
  1.10168 -0.779492      0.85
  1.10183   -0.7788      0.85
  1.10198 -0.778109      0.85
  1.10213 -0.777418      0.85
  1.10228 -0.776729      0.85
  1.10243  -0.77604      0.85
  1.10258 -0.775352      0.85
  1.10273 -0.774664      0.85
  1.10288 -0.773977      0.85
  1.10303 -0.773291      0.85
  1.10318 -0.772606      0.85
  1.10333 -0.771922      0.85
  1.10348 -0.771238      0.85
  1.10363 -0.770556      0.85
  1.10378 -0.769873      0.85
  1.10393 -0.769192      0.85
  1.10408 -0.768512      0.85
  1.10423 -0.767832      0.85
  1.10438 -0.767153      0.85
  1.10453 -0.766474      0.85
  1.10468 -0.765797      0.85
  1.10483  -0.76512      0.85
  1.10498 -0.764444      0.85
  1.10513 -0.763769      0.85
  1.10528 -0.763094      0.85
  1.10543 -0.762421      0.85
  1.10558 -0.761747      0.85
  1.10573 -0.761075      0.85
  1.10588 -0.760404      0.85
  1.10603 -0.759733      0.85
  1.10618 -0.759063      0.85
  1.10633 -0.758394      0.85
  1.10648 -0.757725      0.85
  1.10663 -0.757057      0.85
  1.10678  -0.75639      0.85
  1.10693 -0.755724      0.85
  1.10708 -0.755058      0.85
  1.10723 -0.754394      0.85
  1.10738 -0.753729      0.85
  1.10753 -0.753066      0.85
  1.10768 -0.752404      0.85
  1.10783 -0.751742      0.85
  1.10798  -0.75108      0.85
  1.10813  -0.75042      0.85
  1.10828  -0.74976      0.85
  1.10843 -0.749101      0.85
  1.10858 -0.748443      0.85
  1.10873 -0.747786      0.85
  1.10888 -0.747129      0.85
  1.10903 -0.746473      0.85
  1.10918 -0.745818      0.85
  1.10933 -0.745163      0.85
  1.10948 -0.744509      0.85
  1.10963 -0.743856      0.85
  1.10978 -0.743204      0.85
  1.10993 -0.742552      0.85
  1.11008 -0.741901      0.85
  1.11023 -0.741251      0.85
  1.11038 -0.740601      0.85
  1.11053 -0.739952      0.85
  1.11068 -0.739304      0.85
  1.11083 -0.738657      0.85
  1.11098  -0.73801      0.85
  1.11113 -0.737364      0.85
  1.11128 -0.736719      0.85
  1.11143 -0.736075      0.85
  1.11158 -0.735431      0.85
  1.11173 -0.734788      0.85
  1.11188 -0.734145      0.85
  1.11203 -0.733504      0.85
  1.11218 -0.732863      0.85
  1.11233 -0.732222      0.85
  1.11248 -0.731583      0.85
  1.11263 -0.730944      0.85
  1.11278 -0.730306      0.85
  1.11293 -0.729668      0.85
  1.11308 -0.729032      0.85
  1.11323 -0.728396      0.85
  1.11338  -0.72776      0.85
  1.11353 -0.727126      0.85
  1.11368 -0.726492      0.85
  1.11383 -0.725858      0.85
  1.11398 -0.725226      0.85
  1.11413 -0.724594      0.85
  1.11428 -0.723963      0.85
  1.11443 -0.723332      0.85
  1.11458 -0.722703      0.85
  1.11473 -0.722074      0.85
  1.11488 -0.721445      0.85
  1.11503 -0.720817      0.85
  1.11518  -0.72019      0.85
  1.11533 -0.719564      0.85
  1.11548 -0.718938      0.85
  1.11563 -0.718313      0.85
  1.11578 -0.717689      0.85
  1.11593 -0.717066      0.85
  1.11608 -0.716443      0.85
  1.11623  -0.71582      0.85
  1.11638 -0.715199      0.85
  1.11653 -0.714578      0.85
  1.11668 -0.713958      0.85
  1.11683 -0.713338      0.85
  1.11698  -0.71272      0.85
  1.11713 -0.712101      0.85
  1.11728 -0.711484      0.85
  1.11743 -0.710867      0.85
  1.11758 -0.710251      0.85
  1.11773 -0.709636      0.85
  1.11788 -0.709021      0.85
  1.11803 -0.708407      0.85
  1.11818 -0.707793      0.85
  1.11833 -0.707181      0.85
  1.11848 -0.706568      0.85
  1.11863 -0.705957      0.85
  1.11878 -0.705346      0.85
  1.11893 -0.704736      0.85
  1.11908 -0.704127      0.85
  1.11923 -0.703518      0.85
  1.11938  -0.70291      0.85
  1.11953 -0.702302      0.85
  1.11968 -0.701696      0.85
  1.11983  -0.70109      0.85
  1.11998 -0.700484      0.85
  1.12014 -0.699879      0.85
  1.12029 -0.699275      0.85
  1.12044 -0.698672      0.85
  1.12059 -0.698069      0.85
  1.12074 -0.697467      0.85
  1.12089 -0.696865      0.85
  1.12104 -0.696264      0.85
  1.12119 -0.695664      0.85
  1.12134 -0.695065      0.85
  1.12149 -0.694466      0.85
  1.12164 -0.693868      0.85
  1.12179  -0.69327      0.85
  1.12194 -0.692673      0.85
  1.12209 -0.692077      0.85
  1.12224 -0.691481      0.85
  1.12239 -0.690886      0.85
  1.12254 -0.690292      0.85
  1.12269 -0.689698      0.85
  1.12284 -0.689105      0.85
  1.12299 -0.688513      0.85
  1.12314 -0.687921      0.85
  1.12329  -0.68733      0.85
  1.12344 -0.686739      0.85
  1.12359 -0.686149      0.85
  1.12374  -0.68556      0.85
  1.12389 -0.684972      0.85
  1.12404 -0.684384      0.85
  1.12419 -0.683796      0.85
  1.12434  -0.68321      0.85
  1.12449 -0.682624      0.85
  1.12464 -0.682038      0.85
  1.12479 -0.681453      0.85
  1.12494 -0.680869      0.85
  1.12509 -0.680286      0.85
  1.12524 -0.679703      0.85
  1.12539 -0.679121      0.85
  1.12554 -0.678539      0.85
  1.12569 -0.677958      0.85
  1.12584 -0.677378      0.85
  1.12599 -0.676798      0.85
  1.12614 -0.676219      0.85
  1.12629  -0.67564      0.85
  1.12644 -0.675063      0.85
  1.12659 -0.674485      0.85
  1.12674 -0.673909      0.85
  1.12689 -0.673333      0.85
  1.12704 -0.672757      0.85
  1.12719 -0.672183      0.85
  1.12734 -0.671609      0.85
  1.12749 -0.671035      0.85
  1.12764 -0.670462      0.85
  1.12779  -0.66989      0.85
  1.12794 -0.669318      0.85
  1.12809 -0.668747      0.85
  1.12824 -0.668177      0.85
  1.12839 -0.667607      0.85
  1.12854 -0.667038      0.85
  1.12869 -0.666469      0.85
  1.12884 -0.665901      0.85
  1.12899 -0.665334      0.85
  1.12914 -0.664767      0.85
  1.12929 -0.664201      0.85
  1.12944 -0.663635      0.85
  1.12959  -0.66307      0.85
  1.12974 -0.662506      0.85
  1.12989 -0.661942      0.85
  1.13004 -0.661379      0.85
  1.13019 -0.660817      0.85
  1.13034 -0.660255      0.85
  1.13049 -0.659694      0.85
  1.13064 -0.659133      0.85
  1.13079 -0.658573      0.85
  1.13094 -0.658013      0.85
  1.13109 -0.657454      0.85
  1.13124 -0.656896      0.85
  1.13139 -0.656338      0.85
  1.13154 -0.655781      0.85
  1.13169 -0.655225      0.85
  1.13184 -0.654669      0.85
  1.13199 -0.654114      0.85
  1.13214 -0.653559      0.85
  1.13229 -0.653005      0.85
  1.13244 -0.652451      0.85
  1.13259 -0.651898      0.85
  1.13274 -0.651346      0.85
  1.13289 -0.650794      0.85
  1.13304 -0.650243      0.85
  1.13319 -0.649692      0.85
  1.13334 -0.649142      0.85
  1.13349 -0.648593      0.85
  1.13364 -0.648044      0.85
  1.13379 -0.647496      0.85
  1.13394 -0.646948      0.85
  1.13409 -0.646401      0.85
  1.13424 -0.645855      0.85
  1.13439 -0.645309      0.85
  1.13454 -0.644763      0.85
  1.13469 -0.644219      0.85
  1.13484 -0.643675      0.85
  1.13499 -0.643131      0.85
  1.13514 -0.642588      0.85
  1.13529 -0.642046      0.85
  1.13544 -0.641504      0.85
  1.13559 -0.640962      0.85
  1.13574 -0.640422      0.85
  1.13589 -0.639882      0.85
  1.13604 -0.639342      0.85
  1.13619 -0.638803      0.85
  1.13634 -0.638265      0.85
  1.13649 -0.637727      0.85
  1.13664  -0.63719      0.85
  1.13679 -0.636653      0.85
  1.13694 -0.636117      0.85
  1.13709 -0.635581      0.85
  1.13724 -0.635046      0.85
  1.13739 -0.634512      0.85
  1.13754 -0.633978      0.85
  1.13769 -0.633445      0.85
  1.13784 -0.632912      0.85
  1.13799  -0.63238      0.85
  1.13814 -0.631848      0.85
  1.13829 -0.631317      0.85
  1.13844 -0.630787      0.85
  1.13859 -0.630257      0.85
  1.13874 -0.629728      0.85
  1.13889 -0.629199      0.85
  1.13904 -0.628671      0.85
  1.13919 -0.628143      0.85
  1.13934 -0.627616      0.85
  1.13949  -0.62709      0.85
  1.13964 -0.626564      0.85
  1.13979 -0.626038      0.85
  1.13994 -0.625513      0.85
   1.1401 -0.624989      0.85
  1.14025 -0.624465      0.85
   1.1404 -0.623942      0.85
  1.14055 -0.623419      0.85
   1.1407 -0.622897      0.85
  1.14085 -0.622376      0.85
    1.141 -0.621855      0.85
  1.14115 -0.621334      0.85
   1.1413 -0.620815      0.85
  1.14145 -0.620295      0.85
   1.1416 -0.619776      0.85
  1.14175 -0.619258      0.85
   1.1419  -0.61874      0.85
  1.14205 -0.618223      0.85
   1.1422 -0.617707      0.85
  1.14235 -0.617191      0.85
   1.1425 -0.616675      0.85
  1.14265  -0.61616      0.85
   1.1428 -0.615646      0.85
  1.14295 -0.615132      0.85
   1.1431 -0.614619      0.85
  1.14325 -0.614106      0.85
   1.1434 -0.613593      0.85
  1.14355 -0.613082      0.85
   1.1437 -0.612571      0.85
  1.14385  -0.61206      0.85
    1.144  -0.61155      0.85
  1.14415  -0.61104      0.85
   1.1443 -0.610531      0.85
  1.14445 -0.610023      0.85
   1.1446 -0.609515      0.85
  1.14475 -0.609007      0.85
   1.1449   -0.6085      0.85
  1.14505 -0.607994      0.85
   1.1452 -0.607488      0.85
  1.14535 -0.606983      0.85
   1.1455 -0.606478      0.85
  1.14565 -0.605974      0.85
   1.1458  -0.60547      0.85
  1.14595 -0.604967      0.85
   1.1461 -0.604464      0.85
  1.14625 -0.603962      0.85
   1.1464  -0.60346      0.85
  1.14655 -0.602959      0.85
   1.1467 -0.602459      0.85
  1.14685 -0.601959      0.85
    1.147 -0.601459      0.85
  1.14715  -0.60096      0.85
   1.1473 -0.600462      0.85
  1.14745 -0.599964      0.85
   1.1476 -0.599466      0.85
  1.14775 -0.598969      0.85
   1.1479 -0.598473      0.85
  1.14805 -0.597977      0.85
   1.1482 -0.597482      0.85
  1.14835 -0.596987      0.85
   1.1485 -0.596493      0.85
  1.14865 -0.595999      0.85
   1.1488 -0.595506      0.85
  1.14895 -0.595013      0.85
   1.1491 -0.594521      0.85
  1.14925 -0.594029      0.85
   1.1494 -0.593538      0.85
  1.14955 -0.593047      0.85
   1.1497 -0.592557      0.85
  1.14985 -0.592067      0.85
     1.15 -0.591578      0.85