 kgrid  ValNew  Policy 
    0.85 -18.6226     0.85
 0.85015 -18.6027     0.85
  0.8503 -18.5827     0.85
 0.85045 -18.5629     0.85
  0.8506  -18.543     0.85
 0.85075 -18.5232     0.85
  0.8509 -18.5035     0.85
0.851051 -18.4838     0.85
0.851201 -18.4641     0.85
0.851351 -18.4445     0.85
0.851501 -18.4249     0.85
0.851651 -18.4054     0.85
0.851801 -18.3859     0.85
0.851951 -18.3665     0.85
0.852101 -18.3471     0.85
0.852251 -18.3277     0.85
0.852401 -18.3084     0.85
0.852551 -18.2891     0.85
0.852701 -18.2699     0.85
0.852851 -18.2507     0.85
0.853002 -18.2315     0.85
0.853152 -18.2124     0.85
0.853302 -18.1933     0.85
0.853452 -18.1743     0.85
0.853602 -18.1553     0.85
0.853752 -18.1364     0.85
0.853902 -18.1175     0.85
0.854052 -18.0986     0.85
0.854202 -18.0798     0.85
0.854352  -18.061     0.85
0.854502 -18.0422     0.85
0.854652 -18.0235     0.85
0.854802 -18.0049     0.85
0.854952 -17.9862     0.85
0.855103 -17.9677     0.85
0.855253 -17.9491     0.85
0.855403 -17.9306     0.85
0.855553 -17.9121     0.85
0.855703 -17.8937     0.85
0.855853 -17.8753     0.85
0.856003  -17.857     0.85
0.856153 -17.8387     0.85
0.856303 -17.8204     0.85
0.856453 -17.8022     0.85
0.856603  -17.784     0.85
0.856753 -17.7659     0.85
0.856903 -17.7477     0.85
0.857054 -17.7297     0.85
0.857204 -17.7116     0.85
0.857354 -17.6937     0.85
0.857504 -17.6757     0.85
0.857654 -17.6578     0.85
0.857804 -17.6399     0.85
0.857954 -17.6221     0.85
0.858104 -17.6043     0.85
0.858254 -17.5865     0.85
0.858404 -17.5688     0.85
0.858554 -17.5511     0.85
0.858704 -17.5334     0.85
0.858854 -17.5158     0.85
0.859005 -17.4982     0.85
0.859155 -17.4807     0.85
0.859305 -17.4632     0.85
0.859455 -17.4457     0.85
0.859605 -17.4283     0.85
0.859755 -17.4109     0.85
0.859905 -17.3936     0.85
0.860055 -17.3762     0.85
0.860205  -17.359     0.85
0.860355 -17.3417     0.85
0.860505 -17.3245     0.85
0.860655 -17.3073     0.85
0.860805 -17.2902     0.85
0.860955 -17.2731     0.85
0.861106 -17.2561     0.85
0.861256  -17.239     0.85
0.861406  -17.222     0.85
0.861556 -17.2051     0.85
0.861706 -17.1882     0.85
0.861856 -17.1713     0.85
0.862006 -17.1544     0.85
0.862156 -17.1376     0.85
0.862306 -17.1209     0.85
0.862456 -17.1041     0.85
0.862606 -17.0874     0.85
0.862756 -17.0708     0.85
0.862906 -17.0541     0.85
0.863057 -17.0375     0.85
0.863207  -17.021     0.85
0.863357 -17.0044     0.85
0.863507 -16.9879     0.85
0.863657 -16.9715     0.85
0.863807  -16.955     0.85
0.863957 -16.9387     0.85
0.864107 -16.9223     0.85
0.864257  -16.906     0.85
0.864407 -16.8897     0.85
0.864557 -16.8734     0.85
0.864707 -16.8572     0.85
0.864857  -16.841     0.85
0.865008 -16.8249     0.85
0.865158 -16.8088     0.85
0.865308 -16.7927     0.85
0.865458 -16.7766     0.85
0.865608 -16.7606     0.85
0.865758 -16.7446     0.85
0.865908 -16.7287     0.85
0.866058 -16.7128     0.85
0.866208 -16.6969     0.85
0.866358  -16.681     0.85
0.866508 -16.6652     0.85
0.866658 -16.6494     0.85
0.866808 -16.6337     0.85
0.866958  -16.618     0.85
0.867109 -16.6023     0.85
0.867259 -16.5866     0.85
0.867409  -16.571     0.85
0.867559 -16.5554     0.85
0.867709 -16.5398     0.85
0.867859 -16.5243     0.85
0.868009 -16.5088     0.85
0.868159 -16.4934     0.85
0.868309 -16.4779     0.85
0.868459 -16.4625     0.85
0.868609 -16.4472     0.85
0.868759 -16.4319     0.85
0.868909 -16.4166     0.85
 0.86906 -16.4013     0.85
 0.86921  -16.386     0.85
 0.86936 -16.3708     0.85
 0.86951 -16.3557     0.85
 0.86966 -16.3405     0.85
 0.86981 -16.3254     0.85
 0.86996 -16.3103     0.85
 0.87011 -16.2953     0.85
 0.87026 -16.2803     0.85
 0.87041 -16.2653     0.85
 0.87056 -16.2503     0.85
 0.87071 -16.2354     0.85
 0.87086 -16.2205     0.85
0.871011 -16.2056     0.85
0.871161 -16.1908     0.85
0.871311  -16.176     0.85
0.871461 -16.1612     0.85
0.871611 -16.1465     0.85
0.871761 -16.1318     0.85
0.871911 -16.1171     0.85
0.872061 -16.1024     0.85
0.872211 -16.0878     0.85
0.872361 -16.0732     0.85
0.872511 -16.0587     0.85
0.872661 -16.0441     0.85
0.872811 -16.0296     0.85
0.872961 -16.0152     0.85
0.873112 -16.0007     0.85
0.873262 -15.9863     0.85
0.873412 -15.9719     0.85
0.873562 -15.9576     0.85
0.873712 -15.9432     0.85
0.873862 -15.9289     0.85
0.874012 -15.9147     0.85
0.874162 -15.9004     0.85
0.874312 -15.8862     0.85
0.874462  -15.872     0.85
0.874612 -15.8579     0.85
0.874762 -15.8438     0.85
0.874912 -15.8297     0.85
0.875063 -15.8156     0.85
0.875213 -15.8016     0.85
0.875363 -15.7876     0.85
0.875513 -15.7736     0.85
0.875663 -15.7596     0.85
0.875813 -15.7457     0.85
0.875963 -15.7318     0.85
0.876113  -15.718     0.85
0.876263 -15.7041     0.85
0.876413 -15.6903     0.85
0.876563 -15.6765     0.85
0.876713 -15.6628     0.85
0.876863 -15.6491     0.85
0.877014 -15.6354     0.85
0.877164 -15.6217     0.85
0.877314  -15.608     0.85
0.877464 -15.5944     0.85
0.877614 -15.5808     0.85
0.877764 -15.5673     0.85
0.877914 -15.5537     0.85
0.878064 -15.5402     0.85
0.878214 -15.5268     0.85
0.878364 -15.5133     0.85
0.878514 -15.4999     0.85
0.878664 -15.4865     0.85
0.878814 -15.4731     0.85
0.878964 -15.4598     0.85
0.879115 -15.4465     0.85
0.879265 -15.4332     0.85
0.879415 -15.4199     0.85
0.879565 -15.4067     0.85
0.879715 -15.3935     0.85
0.879865 -15.3803     0.85
0.880015 -15.3671     0.85
0.880165  -15.354     0.85
0.880315 -15.3409     0.85
0.880465 -15.3278     0.85
0.880615 -15.3148     0.85
0.880765 -15.3017     0.85
0.880915 -15.2887     0.85
0.881066 -15.2758     0.85
0.881216 -15.2628     0.85
0.881366 -15.2499     0.85
0.881516  -15.237     0.85
0.881666 -15.2241     0.85
0.881816 -15.2113     0.85
0.881966 -15.1985     0.85
0.882116 -15.1857  0.85015
0.882266 -15.1729  0.85015
0.882416 -15.1601   0.8503
0.882566 -15.1473   0.8503
0.882716 -15.1346  0.85045
0.882866 -15.1218  0.85045
0.883017 -15.1091   0.8506
0.883167 -15.0964   0.8506
0.883317 -15.0837  0.85075
0.883467  -15.071  0.85075
0.883617 -15.0584   0.8509
0.883767 -15.0457   0.8509
0.883917 -15.0331 0.851051
0.884067 -15.0205 0.851051
0.884217 -15.0078 0.851201
0.884367 -14.9952 0.851351
0.884517 -14.9827 0.851351
0.884667 -14.9701 0.851501
0.884817 -14.9575 0.851501
0.884967  -14.945 0.851651
0.885118 -14.9324 0.851651
0.885268 -14.9199 0.851801
0.885418 -14.9074 0.851801
0.885568 -14.8949 0.851951
0.885718 -14.8824 0.851951
0.885868   -14.87 0.852101
0.886018 -14.8575 0.852101
0.886168 -14.8451 0.852251
0.886318 -14.8327 0.852251
0.886468 -14.8202 0.852401
0.886618 -14.8078 0.852401
0.886768 -14.7955 0.852551
0.886918 -14.7831 0.852551
0.887069 -14.7707 0.852701
0.887219 -14.7584 0.852701
0.887369  -14.746 0.852851
0.887519 -14.7337 0.852851
0.887669 -14.7214 0.853002
0.887819 -14.7091 0.853002
0.887969 -14.6968 0.853152
0.888119 -14.6846 0.853152
0.888269 -14.6723 0.853302
0.888419 -14.6601 0.853302
0.888569 -14.6478 0.853452
0.888719 -14.6356 0.853602
0.888869 -14.6234 0.853602
 0.88902 -14.6112 0.853752
 0.88917  -14.599 0.853752
 0.88932 -14.5869 0.853902
 0.88947 -14.5747 0.853902
 0.88962 -14.5626 0.854052
 0.88977 -14.5505 0.854052
 0.88992 -14.5383 0.854202
 0.89007 -14.5262 0.854202
 0.89022 -14.5142 0.854352
 0.89037 -14.5021 0.854352
 0.89052   -14.49 0.854502
 0.89067  -14.478 0.854502
 0.89082 -14.4659 0.854652
 0.89097 -14.4539 0.854652
0.891121 -14.4419 0.854802
0.891271 -14.4299 0.854802
0.891421 -14.4179 0.854952
0.891571 -14.4059 0.854952
0.891721  -14.394 0.855103
0.891871  -14.382 0.855103
0.892021 -14.3701 0.855253
0.892171 -14.3582 0.855253
0.892321 -14.3463 0.855403
0.892471 -14.3344 0.855403
0.892621 -14.3225 0.855553
0.892771 -14.3106 0.855553
0.892921 -14.2987 0.855703
0.893072 -14.2869 0.855853
0.893222 -14.2751 0.855853
0.893372 -14.2632 0.856003
0.893522 -14.2514 0.856003
0.893672 -14.2396 0.856153
0.893822 -14.2278 0.856153
0.893972 -14.2161 0.856303
0.894122 -14.2043 0.856303
0.894272 -14.1926 0.856453
0.894422 -14.1808 0.856453
0.894572 -14.1691 0.856603
0.894722 -14.1574 0.856603
0.894872 -14.1457 0.856753
0.895023  -14.134 0.856753
0.895173 -14.1223 0.856903
0.895323 -14.1107 0.856903
0.895473  -14.099 0.857054
0.895623 -14.0874 0.857054
0.895773 -14.0757 0.857204
0.895923 -14.0641 0.857204
0.896073 -14.0525 0.857354
0.896223 -14.0409 0.857354
0.896373 -14.0294 0.857504
0.896523 -14.0178 0.857504
0.896673 -14.0062 0.857654
0.896823 -13.9947 0.857654
0.896973 -13.9832 0.857804
0.897124 -13.9717 0.857804
0.897274 -13.9602 0.857954
0.897424 -13.9487 0.858104
0.897574 -13.9372 0.858104
0.897724 -13.9257 0.858254
0.897874 -13.9143 0.858254
0.898024 -13.9028 0.858404
0.898174 -13.8914 0.858404
0.898324   -13.88 0.858554
0.898474 -13.8685 0.858554
0.898624 -13.8572 0.858704
0.898774 -13.8458 0.858704
0.898924 -13.8344 0.858854
0.899075  -13.823 0.858854
0.899225 -13.8117 0.859005
0.899375 -13.8003 0.859005
0.899525  -13.789 0.859155
0.899675 -13.7777 0.859155
0.899825 -13.7664 0.859305
0.899975 -13.7551 0.859305
0.900125 -13.7438 0.859455
0.900275 -13.7326 0.859455
0.900425 -13.7213 0.859605
0.900575 -13.7101 0.859605
0.900725 -13.6988 0.859755
0.900875 -13.6876 0.859755
0.901026 -13.6764 0.859905
0.901176 -13.6652 0.859905
0.901326  -13.654 0.860055
0.901476 -13.6429 0.860055
0.901626 -13.6317 0.860205
0.901776 -13.6205 0.860355
0.901926 -13.6094 0.860355
0.902076 -13.5983 0.860505
0.902226 -13.5872 0.860505
0.902376 -13.5761 0.860655
0.902526  -13.565 0.860655
0.902676 -13.5539 0.860805
0.902826 -13.5428 0.860805
0.902976 -13.5318 0.860955
0.903127 -13.5207 0.860955
0.903277 -13.5097 0.861106
0.903427 -13.4987 0.861106
0.903577 -13.4876 0.861256
0.903727 -13.4766 0.861256
0.903877 -13.4656 0.861406
0.904027 -13.4547 0.861406
0.904177 -13.4437 0.861556
0.904327 -13.4328 0.861556
0.904477 -13.4218 0.861706
0.904627 -13.4109 0.861706
0.904777    -13.4 0.861856
0.904927  -13.389 0.861856
0.905078 -13.3781 0.862006
0.905228 -13.3673 0.862006
0.905378 -13.3564 0.862156
0.905528 -13.3455 0.862156
0.905678 -13.3347 0.862306
0.905828 -13.3238 0.862306
0.905978  -13.313 0.862456
0.906128 -13.3022 0.862606
0.906278 -13.2914 0.862606
0.906428 -13.2806 0.862756
0.906578 -13.2698 0.862756
0.906728  -13.259 0.862906
0.906878 -13.2482 0.862906
0.907029 -13.2375 0.863057
0.907179 -13.2267 0.863057
0.907329  -13.216 0.863207
0.907479 -13.2053 0.863207
0.907629 -13.1946 0.863357
0.907779 -13.1839 0.863357
0.907929 -13.1732 0.863507
0.908079 -13.1625 0.863507
0.908229 -13.1519 0.863657
0.908379 -13.1412 0.863657
0.908529 -13.1306 0.863807
0.908679 -13.1199 0.863807
0.908829 -13.1093 0.863957
0.908979 -13.0987 0.863957
 0.90913 -13.0881 0.864107
 0.90928 -13.0775 0.864107
 0.90943 -13.0669 0.864257
 0.90958 -13.0564 0.864257
 0.90973 -13.0458 0.864407
 0.90988 -13.0353 0.864407
 0.91003 -13.0247 0.864557
 0.91018 -13.0142 0.864557
 0.91033 -13.0037 0.864707
 0.91048 -12.9932 0.864857
 0.91063 -12.9827 0.864857
 0.91078 -12.9722 0.865008
 0.91093 -12.9618 0.865008
0.911081 -12.9513 0.865158
0.911231 -12.9409 0.865158
0.911381 -12.9304 0.865308
0.911531   -12.92 0.865308
0.911681 -12.9096 0.865458
0.911831 -12.8992 0.865458
0.911981 -12.8888 0.865608
0.912131 -12.8784 0.865608
0.912281  -12.868 0.865758
0.912431 -12.8577 0.865758
0.912581 -12.8473 0.865908
0.912731  -12.837 0.865908
0.912881 -12.8266 0.866058
0.913032 -12.8163 0.866058
0.913182  -12.806 0.866208
0.913332 -12.7957 0.866208
0.913482 -12.7854 0.866358
0.913632 -12.7751 0.866358
0.913782 -12.7649 0.866508
0.913932 -12.7546 0.866508
0.914082 -12.7444 0.866658
0.914232 -12.7341 0.866658
0.914382 -12.7239 0.866808
0.914532 -12.7137 0.866808
0.914682 -12.7035 0.866958
0.914832 -12.6933 0.867109
0.914982 -12.6831 0.867109
0.915133 -12.6729 0.867259
0.915283 -12.6628 0.867259
0.915433 -12.6526 0.867409
0.915583 -12.6425 0.867409
0.915733 -12.6324 0.867559
0.915883 -12.6222 0.867559
0.916033 -12.6121 0.867709
0.916183  -12.602 0.867709
0.916333 -12.5919 0.867859
0.916483 -12.5818 0.867859
0.916633 -12.5718 0.868009
0.916783 -12.5617 0.868009
0.916933 -12.5517 0.868159
0.917084 -12.5416 0.868159
0.917234 -12.5316 0.868309
0.917384 -12.5216 0.868309
0.917534 -12.5116 0.868459
0.917684 -12.5016 0.868459
0.917834 -12.4916 0.868609
0.917984 -12.4816 0.868609
0.918134 -12.4716 0.868759
0.918284 -12.4617 0.868759
0.918434 -12.4517 0.868909
0.918584 -12.4418 0.868909
0.918734 -12.4319  0.86906
0.918884 -12.4219  0.86906
0.919035  -12.412  0.86921
0.919185 -12.4021  0.86936
0.919335 -12.3922  0.86936
0.919485 -12.3824  0.86951
0.919635 -12.3725  0.86951
0.919785 -12.3626  0.86966
0.919935 -12.3528  0.86966
0.920085  -12.343  0.86981
0.920235 -12.3331  0.86981
0.920385 -12.3233  0.86996
0.920535 -12.3135  0.86996
0.920685 -12.3037  0.87011
0.920835 -12.2939  0.87011
0.920985 -12.2841  0.87026
0.921136 -12.2744  0.87026
0.921286 -12.2646  0.87041
0.921436 -12.2549  0.87041
0.921586 -12.2451  0.87056
0.921736 -12.2354  0.87056
0.921886 -12.2257  0.87071
0.922036  -12.216  0.87071
0.922186 -12.2063  0.87086
0.922336 -12.1966  0.87086
0.922486 -12.1869 0.871011
0.922636 -12.1772 0.871011
0.922786 -12.1676 0.871161
0.922936 -12.1579 0.871161
0.923087 -12.1483 0.871311
0.923237 -12.1386 0.871311
0.923387  -12.129 0.871461
0.923537 -12.1194 0.871461
0.923687 -12.1098 0.871611
0.923837 -12.1002 0.871761
0.923987 -12.0906 0.871761
0.924137 -12.0811 0.871911
0.924287 -12.0715 0.871911
0.924437 -12.0619 0.872061
0.924587 -12.0524 0.872061
0.924737 -12.0429 0.872211
0.924887 -12.0333 0.872211
0.925038 -12.0238 0.872361
0.925188 -12.0143 0.872361
0.925338 -12.0048 0.872511
0.925488 -11.9953 0.872511
0.925638 -11.9859 0.872661
0.925788 -11.9764 0.872661
0.925938 -11.9669 0.872811
0.926088 -11.9575 0.872811
0.926238  -11.948 0.872961
0.926388 -11.9386 0.872961
0.926538 -11.9292 0.873112
0.926688 -11.9198 0.873112
0.926838 -11.9104 0.873262
0.926988  -11.901 0.873262
0.927139 -11.8916 0.873412
0.927289 -11.8822 0.873412
0.927439 -11.8729 0.873562
0.927589 -11.8635 0.873562
0.927739 -11.8542 0.873712
0.927889 -11.8448 0.873712
0.928039 -11.8355 0.873862
0.928189 -11.8262 0.874012
0.928339 -11.8169 0.874012
0.928489 -11.8076 0.874162
0.928639 -11.7983 0.874162
0.928789  -11.789 0.874312
0.928939 -11.7797 0.874312
 0.92909 -11.7705 0.874462
 0.92924 -11.7612 0.874462
 0.92939  -11.752 0.874612
 0.92954 -11.7427 0.874612
 0.92969 -11.7335 0.874762
 0.92984 -11.7243 0.874762
 0.92999 -11.7151 0.874912
 0.93014 -11.7059 0.874912
 0.93029 -11.6967 0.875063
 0.93044 -11.6875 0.875063
 0.93059 -11.6784 0.875213
 0.93074 -11.6692 0.875213
 0.93089 -11.6601 0.875363
0.931041 -11.6509 0.875363
0.931191 -11.6418 0.875513
0.931341 -11.6327 0.875513
0.931491 -11.6235 0.875663
0.931641 -11.6144 0.875663
0.931791 -11.6053 0.875813
0.931941 -11.5963 0.875813
0.932091 -11.5872 0.875963
0.932241 -11.5781 0.875963
0.932391  -11.569 0.876113
0.932541   -11.56 0.876113
0.932691  -11.551 0.876263
0.932841 -11.5419 0.876413
0.932991 -11.5329 0.876413
0.933142 -11.5239 0.876563
0.933292 -11.5149 0.876563
0.933442 -11.5059 0.876713
0.933592 -11.4969 0.876713
0.933742 -11.4879 0.876863
0.933892 -11.4789 0.876863
0.934042   -11.47 0.877014
0.934192  -11.461 0.877014
0.934342 -11.4521 0.877164
0.934492 -11.4431 0.877164
0.934642 -11.4342 0.877314
0.934792 -11.4253 0.877314
0.934942 -11.4164 0.877464
0.935093 -11.4075 0.877464
0.935243 -11.3986 0.877614
0.935393 -11.3897 0.877614
0.935543 -11.3808 0.877764
0.935693  -11.372 0.877764
0.935843 -11.3631 0.877914
0.935993 -11.3543 0.877914
0.936143 -11.3454 0.878064
0.936293 -11.3366 0.878064
0.936443 -11.3278 0.878214
0.936593  -11.319 0.878214
0.936743 -11.3102 0.878364
0.936893 -11.3014 0.878364
0.937044 -11.2926 0.878514
0.937194 -11.2838 0.878664
0.937344  -11.275 0.878664
0.937494 -11.2663 0.878814
0.937644 -11.2575 0.878814
0.937794 -11.2488 0.878964
0.937944   -11.24 0.878964
0.938094 -11.2313 0.879115
0.938244 -11.2226 0.879115
0.938394 -11.2139 0.879265
0.938544 -11.2052 0.879265
0.938694 -11.1965 0.879415
0.938844 -11.1878 0.879415
0.938994 -11.1791 0.879565
0.939145 -11.1705 0.879565
0.939295 -11.1618 0.879715
0.939445 -11.1532 0.879715
0.939595 -11.1445 0.879865
0.939745 -11.1359 0.879865
0.939895 -11.1273 0.880015
0.940045 -11.1187 0.880015
0.940195 -11.1101 0.880165
0.940345 -11.1015 0.880165
0.940495 -11.0929 0.880315
0.940645 -11.0843 0.880315
0.940795 -11.0757 0.880465
0.940945 -11.0672 0.880465
0.941096 -11.0586 0.880615
0.941246 -11.0501 0.880615
0.941396 -11.0415 0.880765
0.941546  -11.033 0.880765
0.941696 -11.0245 0.880915
0.941846  -11.016 0.881066
0.941996 -11.0074 0.881066
0.942146  -10.999 0.881216
0.942296 -10.9905 0.881216
0.942446  -10.982 0.881366
0.942596 -10.9735 0.881366
0.942746  -10.965 0.881516
0.942896 -10.9566 0.881516
0.943047 -10.9481 0.881666
0.943197 -10.9397 0.881666
0.943347 -10.9313 0.881816
0.943497 -10.9228 0.881816
0.943647 -10.9144 0.881966
0.943797  -10.906 0.881966
0.943947 -10.8976 0.882116
0.944097 -10.8892 0.882116
0.944247 -10.8809 0.882266
0.944397 -10.8725 0.882266
0.944547 -10.8641 0.882416
0.944697 -10.8558 0.882416
0.944847 -10.8474 0.882566
0.944997 -10.8391 0.882566
0.945148 -10.8307 0.882716
0.945298 -10.8224 0.882716
0.945448 -10.8141 0.882866
0.945598 -10.8058 0.882866
0.945748 -10.7975 0.883017
0.945898 -10.7892 0.883017
0.946048 -10.7809 0.883167
0.946198 -10.7727 0.883167
0.946348 -10.7644 0.883317
0.946498 -10.7561 0.883467
0.946648 -10.7479 0.883467
0.946798 -10.7396 0.883617
0.946948 -10.7314 0.883617
0.947099 -10.7232 0.883767
0.947249 -10.7149 0.883767
0.947399 -10.7067 0.883917
0.947549 -10.6985 0.883917
0.947699 -10.6903 0.884067
0.947849 -10.6822 0.884067
0.947999  -10.674 0.884217
0.948149 -10.6658 0.884217
0.948299 -10.6576 0.884367
0.948449 -10.6495 0.884367
0.948599 -10.6413 0.884517
0.948749 -10.6332 0.884517
0.948899 -10.6251 0.884667
 0.94905 -10.6169 0.884667
  0.9492 -10.6088 0.884817
 0.94935 -10.6007 0.884817
  0.9495 -10.5926 0.884967
 0.94965 -10.5845 0.884967
  0.9498 -10.5764 0.885118
 0.94995 -10.5684 0.885118
  0.9501 -10.5603 0.885268
 0.95025 -10.5522 0.885268
  0.9504 -10.5442 0.885418
 0.95055 -10.5361 0.885418
  0.9507 -10.5281 0.885568
 0.95085 -10.5201 0.885568
0.951001  -10.512 0.885718
0.951151  -10.504 0.885868
0.951301  -10.496 0.885868
0.951451  -10.488 0.886018
0.951601   -10.48 0.886018
0.951751 -10.4721 0.886168
0.951901 -10.4641 0.886168
0.952051 -10.4561 0.886318
0.952201 -10.4482 0.886318
0.952351 -10.4402 0.886468
0.952501 -10.4323 0.886468
0.952651 -10.4243 0.886618
0.952801 -10.4164 0.886618
0.952951 -10.4085 0.886768
0.953102 -10.4006 0.886768
0.953252 -10.3927 0.886918
0.953402 -10.3848 0.886918
0.953552 -10.3769 0.887069
0.953702  -10.369 0.887069
0.953852 -10.3611 0.887219
0.954002 -10.3532 0.887219
0.954152 -10.3454 0.887369
0.954302 -10.3375 0.887369
0.954452 -10.3297 0.887519
0.954602 -10.3218 0.887519
0.954752  -10.314 0.887669
0.954902 -10.3062 0.887669
0.955053 -10.2984 0.887819
0.955203 -10.2906 0.887819
0.955353 -10.2828 0.887969
0.955503  -10.275 0.887969
0.955653 -10.2672 0.888119
0.955803 -10.2594 0.888269
0.955953 -10.2516 0.888269
0.956103 -10.2439 0.888419
0.956253 -10.2361 0.888419
0.956403 -10.2284 0.888569
0.956553 -10.2206 0.888569
0.956703 -10.2129 0.888719
0.956853 -10.2052 0.888719
0.957004 -10.1975 0.888869
0.957154 -10.1897 0.888869
0.957304  -10.182  0.88902
0.957454 -10.1743  0.88902
0.957604 -10.1667  0.88917
0.957754  -10.159  0.88917
0.957904 -10.1513  0.88932
0.958054 -10.1436  0.88932
0.958204  -10.136  0.88947
0.958354 -10.1283  0.88947
0.958504 -10.1207  0.88962
0.958654  -10.113  0.88962
0.958804 -10.1054  0.88977
0.958954 -10.0978  0.88977
0.959105 -10.0902  0.88992
0.959255 -10.0826  0.88992
0.959405  -10.075  0.89007
0.959555 -10.0674  0.89007
0.959705 -10.0598  0.89022
0.959855 -10.0522  0.89022
0.960005 -10.0446  0.89037
0.960155 -10.0371  0.89037
0.960305 -10.0295  0.89052
0.960455  -10.022  0.89067
0.960605 -10.0144  0.89067
0.960755 -10.0069  0.89082
0.960905 -9.99937  0.89082
0.961056 -9.99185  0.89097
0.961206 -9.98433  0.89097
0.961356 -9.97683 0.891121
0.961506 -9.96933 0.891121
0.961656 -9.96184 0.891271
0.961806 -9.95435 0.891271
0.961956 -9.94687 0.891421
0.962106  -9.9394 0.891421
0.962256 -9.93194 0.891571
0.962406 -9.92448 0.891571
0.962556 -9.91703 0.891721
0.962706 -9.90959 0.891721
0.962856 -9.90216 0.891871
0.963007 -9.89473 0.891871
0.963157 -9.88731 0.892021
0.963307  -9.8799 0.892021
0.963457 -9.87249 0.892171
0.963607 -9.86509 0.892171
0.963757  -9.8577 0.892321
0.963907 -9.85031 0.892321
0.964057 -9.84293 0.892471
0.964207 -9.83556 0.892471
0.964357  -9.8282 0.892621
0.964507 -9.82084 0.892621
0.964657 -9.81349 0.892771
0.964807 -9.80615 0.892771
0.964957 -9.79881 0.892921
0.965108 -9.79148 0.893072
0.965258 -9.78416 0.893072
0.965408 -9.77684 0.893222
0.965558 -9.76953 0.893222
0.965708 -9.76223 0.893372
0.965858 -9.75493 0.893372
0.966008 -9.74765 0.893522
0.966158 -9.74037 0.893522
0.966308 -9.73309 0.893672
0.966458 -9.72582 0.893672
0.966608 -9.71857 0.893822
0.966758 -9.71131 0.893822
0.966908 -9.70407 0.893972
0.967059 -9.69682 0.893972
0.967209 -9.68959 0.894122
0.967359 -9.68237 0.894122
0.967509 -9.67515 0.894272
0.967659 -9.66794 0.894272
0.967809 -9.66073 0.894422
0.967959 -9.65353 0.894422
0.968109 -9.64634 0.894572
0.968259 -9.63915 0.894572
0.968409 -9.63198 0.894722
0.968559 -9.62481 0.894722
0.968709 -9.61764 0.894872
0.968859 -9.61048 0.894872
 0.96901 -9.60333 0.895023
 0.96916 -9.59619 0.895023
 0.96931 -9.58905 0.895173
 0.96946 -9.58192 0.895173
 0.96961 -9.57479 0.895323
 0.96976 -9.56768 0.895323
 0.96991 -9.56057 0.895473
 0.97006 -9.55346 0.895623
 0.97021 -9.54637 0.895623
 0.97036 -9.53928 0.895773
 0.97051 -9.53219 0.895773
 0.97066 -9.52512 0.895923
 0.97081 -9.51804 0.895923
 0.97096 -9.51098 0.896073
0.971111 -9.50392 0.896073
0.971261 -9.49687 0.896223
0.971411 -9.48983 0.896223
0.971561 -9.48279 0.896373
0.971711 -9.47576 0.896373
0.971861 -9.46874 0.896523
0.972011 -9.46172 0.896523
0.972161 -9.45471 0.896673
0.972311 -9.44771 0.896673
0.972461 -9.44071 0.896823
0.972611 -9.43372 0.896823
0.972761 -9.42673 0.896973
0.972911 -9.41976 0.896973
0.973062 -9.41278 0.897124
0.973212 -9.40582 0.897124
0.973362 -9.39886 0.897274
0.973512 -9.39191 0.897274
0.973662 -9.38496 0.897424
0.973812 -9.37803 0.897424
0.973962 -9.37109 0.897574
0.974112 -9.36417 0.897574
0.974262 -9.35725 0.897724
0.974412 -9.35034 0.897724
0.974562 -9.34343 0.897874
0.974712 -9.33653 0.898024
0.974862 -9.32964 0.898024
0.975013 -9.32275 0.898174
0.975163 -9.31587 0.898174
0.975313   -9.309 0.898324
0.975463 -9.30213 0.898324
0.975613 -9.29527 0.898474
0.975763 -9.28841 0.898474
0.975913 -9.28157 0.898624
0.976063 -9.27472 0.898624
0.976213 -9.26789 0.898774
0.976363 -9.26106 0.898774
0.976513 -9.25424 0.898924
0.976663 -9.24742 0.898924
0.976813 -9.24061 0.899075
0.976963 -9.23381 0.899075
0.977114 -9.22701 0.899225
0.977264 -9.22022 0.899225
0.977414 -9.21344 0.899375
0.977564 -9.20666 0.899375
0.977714 -9.19989 0.899525
0.977864 -9.19312 0.899525
0.978014 -9.18637 0.899675
0.978164 -9.17961 0.899675
0.978314 -9.17287 0.899825
0.978464 -9.16613 0.899825
0.978614 -9.15939 0.899975
0.978764 -9.15267 0.899975
0.978914 -9.14594 0.900125
0.979065 -9.13923 0.900125
0.979215 -9.13252 0.900275
0.979365 -9.12582 0.900275
0.979515 -9.11912 0.900425
0.979665 -9.11244 0.900575
0.979815 -9.10575 0.900575
0.979965 -9.09907 0.900725
0.980115  -9.0924 0.900725
0.980265 -9.08574 0.900875
0.980415 -9.07908 0.900875
0.980565 -9.07243 0.901026
0.980715 -9.06578 0.901026
0.980865 -9.05914 0.901176
0.981016  -9.0525 0.901176
0.981166 -9.04588 0.901326
0.981316 -9.03926 0.901326
0.981466 -9.03264 0.901476
0.981616 -9.02603 0.901476
0.981766 -9.01943 0.901626
0.981916 -9.01283 0.901626
0.982066 -9.00624 0.901776
0.982216 -8.99966 0.901776
0.982366 -8.99308 0.901926
0.982516  -8.9865 0.901926
0.982666 -8.97994 0.902076
0.982816 -8.97338 0.902076
0.982966 -8.96682 0.902226
0.983117 -8.96028 0.902226
0.983267 -8.95373 0.902376
0.983417  -8.9472 0.902376
0.983567 -8.94067 0.902526
0.983717 -8.93414 0.902526
0.983867 -8.92762 0.902676
0.984017 -8.92111 0.902676
0.984167 -8.91461 0.902826
0.984317 -8.90811 0.902826
0.984467 -8.90161 0.902976
0.984617 -8.89513 0.903127
0.984767 -8.88864 0.903127
0.984917 -8.88217 0.903277
0.985068  -8.8757 0.903277
0.985218 -8.86924 0.903427
0.985368 -8.86278 0.903427
0.985518 -8.85633 0.903577
0.985668 -8.84988 0.903577
0.985818 -8.84344 0.903727
0.985968 -8.83701 0.903727
0.986118 -8.83058 0.903877
0.986268 -8.82416 0.903877
0.986418 -8.81774 0.904027
0.986568 -8.81133 0.904027
0.986718 -8.80492 0.904177
0.986868 -8.79853 0.904177
0.987019 -8.79213 0.904327
0.987169 -8.78575 0.904327
0.987319 -8.77937 0.904477
0.987469 -8.77299 0.904477
0.987619 -8.76662 0.904627
0.987769 -8.76026 0.904627
0.987919  -8.7539 0.904777
0.988069 -8.74755 0.904777
0.988219 -8.74121 0.904927
0.988369 -8.73487 0.904927
0.988519 -8.72853 0.905078
0.988669 -8.72221 0.905078
0.988819 -8.71588 0.905228
0.988969 -8.70957 0.905228
 0.98912 -8.70326 0.905378
 0.98927 -8.69695 0.905528
 0.98942 -8.69065 0.905528
 0.98957 -8.68436 0.905678
 0.98972 -8.67807 0.905678
 0.98987 -8.67179 0.905828
 0.99002 -8.66551 0.905828
 0.99017 -8.65925 0.905978
 0.99032 -8.65298 0.905978
 0.99047 -8.64672 0.906128
 0.99062 -8.64047 0.906128
 0.99077 -8.63422 0.906278
 0.99092 -8.62798 0.906278
0.991071 -8.62175 0.906428
0.991221 -8.61552 0.906428
0.991371 -8.60929 0.906578
0.991521 -8.60307 0.906578
0.991671 -8.59686 0.906728
0.991821 -8.59066 0.906728
0.991971 -8.58445 0.906878
0.992121 -8.57826 0.906878
0.992271 -8.57207 0.907029
0.992421 -8.56588 0.907029
0.992571 -8.55971 0.907179
0.992721 -8.55353 0.907179
0.992871 -8.54737 0.907329
0.993022  -8.5412 0.907329
0.993172 -8.53505 0.907479
0.993322  -8.5289 0.907479
0.993472 -8.52275 0.907629
0.993622 -8.51662 0.907629
0.993772 -8.51048 0.907779
0.993922 -8.50435 0.907779
0.994072 -8.49823 0.907929
0.994222 -8.49212 0.908079
0.994372   -8.486 0.908079
0.994522  -8.4799 0.908229
0.994672  -8.4738 0.908229
0.994822 -8.46771 0.908379
0.994972 -8.46161 0.908379
0.995123 -8.45553 0.908529
0.995273 -8.44945 0.908529
0.995423 -8.44338 0.908679
0.995573 -8.43732 0.908679
0.995723 -8.43126 0.908829
0.995873  -8.4252 0.908829
0.996023 -8.41915 0.908979
0.996173 -8.41311 0.908979
0.996323 -8.40707  0.90913
0.996473 -8.40103  0.90913
0.996623 -8.39501  0.90928
0.996773 -8.38898  0.90928
0.996923 -8.38297  0.90943
0.997074 -8.37696  0.90943
0.997224 -8.37095  0.90958
0.997374 -8.36495  0.90958
0.997524 -8.35895  0.90973
0.997674 -8.35296  0.90973
0.997824 -8.34698  0.90988
0.997974   -8.341  0.90988
0.998124 -8.33503  0.91003
0.998274 -8.32906  0.91003
0.998424  -8.3231  0.91018
0.998574 -8.31714  0.91018
0.998724 -8.31119  0.91033
0.998874 -8.30524  0.91033
0.999025  -8.2993  0.91048
0.999175 -8.29337  0.91063
0.999325 -8.28744  0.91063
0.999475 -8.28151  0.91078
0.999625 -8.27559  0.91078
0.999775 -8.26968  0.91093
0.999925 -8.26377  0.91093
 1.00008 -8.25787 0.911081
 1.00023 -8.25197 0.911081
 1.00038 -8.24608 0.911231
 1.00053 -8.24019 0.911231
 1.00068 -8.23431 0.911381
 1.00083 -8.22843 0.911381
 1.00098 -8.22256 0.911531
 1.00113  -8.2167 0.911531
 1.00128 -8.21084 0.911681
 1.00143 -8.20498 0.911681
 1.00158 -8.19913 0.911831
 1.00173 -8.19329 0.911831
 1.00188 -8.18745 0.911981
 1.00203 -8.18162 0.911981
 1.00218 -8.17579 0.912131
 1.00233 -8.16996 0.912131
 1.00248 -8.16414 0.912281
 1.00263 -8.15833 0.912281
 1.00278 -8.15252 0.912431
 1.00293 -8.14672 0.912431
 1.00308 -8.14092 0.912581
 1.00323 -8.13513 0.912581
 1.00338 -8.12935 0.912731
 1.00353 -8.12357 0.912731
 1.00368 -8.11779 0.912881
 1.00383 -8.11202 0.912881
 1.00398 -8.10625 0.913032
 1.00413 -8.10049 0.913182
 1.00428 -8.09474 0.913182
 1.00443 -8.08899 0.913332
 1.00458 -8.08324 0.913332
 1.00473  -8.0775 0.913482
 1.00488 -8.07177 0.913482
 1.00503 -8.06604 0.913632
 1.00518 -8.06031 0.913632
 1.00533  -8.0546 0.913782
 1.00548 -8.04888 0.913782
 1.00563 -8.04317 0.913932
 1.00578 -8.03747 0.913932
 1.00593 -8.03177 0.914082
 1.00608 -8.02608 0.914082
 1.00623 -8.02039 0.914232
 1.00638 -8.01471 0.914232
 1.00653 -8.00903 0.914382
 1.00668 -8.00336 0.914382
 1.00683 -7.99769 0.914532
 1.00698 -7.99203 0.914532
 1.00713 -7.98637 0.914682
 1.00728 -7.98072 0.914682
 1.00743 -7.97507 0.914832
 1.00758 -7.96943 0.914832
 1.00773 -7.96379 0.914982
 1.00788 -7.95816 0.914982
 1.00803 -7.95253 0.915133
 1.00818 -7.94691 0.915133
 1.00833 -7.94129 0.915283
 1.00848 -7.93568 0.915283
 1.00863 -7.93007 0.915433
 1.00878 -7.92447 0.915433
 1.00893 -7.91887 0.915583
 1.00908 -7.91328 0.915583
 1.00923 -7.90769 0.915733
 1.00938 -7.90211 0.915883
 1.00953 -7.89653 0.915883
 1.00968 -7.89096 0.916033
 1.00983  -7.8854 0.916033
 1.00998 -7.87984 0.916183
 1.01013 -7.87428 0.916183
 1.01028 -7.86873 0.916333
 1.01043 -7.86318 0.916333
 1.01058 -7.85764 0.916483
 1.01073  -7.8521 0.916483
 1.01088 -7.84657 0.916633
 1.01103 -7.84104 0.916633
 1.01118 -7.83552 0.916783
 1.01133    -7.83 0.916783
 1.01148 -7.82449 0.916933
 1.01163 -7.81898 0.916933
 1.01178 -7.81348 0.917084
 1.01193 -7.80798 0.917084
 1.01208 -7.80249 0.917234
 1.01223   -7.797 0.917234
 1.01238 -7.79152 0.917384
 1.01253 -7.78604 0.917384
 1.01268 -7.78057 0.917534
 1.01283  -7.7751 0.917534
 1.01298 -7.76964 0.917684
 1.01313 -7.76418 0.917684
 1.01328 -7.75872 0.917834
 1.01343 -7.75328 0.917834
 1.01358 -7.74783 0.917984
 1.01373 -7.74239 0.917984
 1.01388 -7.73696 0.918134
 1.01403 -7.73153 0.918134
 1.01418 -7.72611 0.918284
 1.01433 -7.72069 0.918434
 1.01448 -7.71527 0.918434
 1.01463 -7.70986 0.918584
 1.01478 -7.70446 0.918584
 1.01493 -7.69906 0.918734
 1.01508 -7.69366 0.918734
 1.01523 -7.68827 0.918884
 1.01538 -7.68288 0.918884
 1.01553  -7.6775 0.919035
 1.01568 -7.67213 0.919035
 1.01583 -7.66676 0.919185
 1.01598 -7.66139 0.919185
 1.01613 -7.65603 0.919335
 1.01628 -7.65067 0.919335
 1.01643 -7.64532 0.919485
 1.01658 -7.63997 0.919485
 1.01673 -7.63463 0.919635
 1.01688 -7.62929 0.919635
 1.01703 -7.62395 0.919785
 1.01718 -7.61863 0.919785
 1.01733  -7.6133 0.919935
 1.01748 -7.60798 0.919935
 1.01763 -7.60267 0.920085
 1.01778 -7.59736 0.920085
 1.01793 -7.59205 0.920235
 1.01808 -7.58675 0.920235
 1.01823 -7.58146 0.920385
 1.01838 -7.57617 0.920385
 1.01853 -7.57088 0.920535
 1.01868  -7.5656 0.920535
 1.01883 -7.56032 0.920685
 1.01898 -7.55505 0.920685
 1.01913 -7.54978 0.920835
 1.01928 -7.54452 0.920835
 1.01943 -7.53926 0.920985
 1.01958 -7.53401 0.921136
 1.01973 -7.52876 0.921136
 1.01988 -7.52351 0.921286
 1.02004 -7.51827 0.921286
 1.02019 -7.51304 0.921436
 1.02034 -7.50781 0.921436
 1.02049 -7.50258 0.921586
 1.02064 -7.49736 0.921586
 1.02079 -7.49215 0.921736
 1.02094 -7.48693 0.921736
 1.02109 -7.48173 0.921886
 1.02124 -7.47652 0.921886
 1.02139 -7.47133 0.922036
 1.02154 -7.46613 0.922036
 1.02169 -7.46094 0.922186
 1.02184 -7.45576 0.922186
 1.02199 -7.45058 0.922336
 1.02214  -7.4454 0.922336
 1.02229 -7.44023 0.922486
 1.02244 -7.43507 0.922486
 1.02259  -7.4299 0.922636
 1.02274 -7.42475 0.922636
 1.02289 -7.41959 0.922786
 1.02304 -7.41445 0.922786
 1.02319  -7.4093 0.922936
 1.02334 -7.40417 0.922936
 1.02349 -7.39903 0.923087
 1.02364  -7.3939 0.923087
 1.02379 -7.38877 0.923237
 1.02394 -7.38366 0.923237
 1.02409 -7.37854 0.923387
 1.02424 -7.37343 0.923387
 1.02439 -7.36832 0.923537
 1.02454 -7.36322 0.923687
 1.02469 -7.35812 0.923687
 1.02484 -7.35303 0.923837
 1.02499 -7.34793 0.923837
 1.02514 -7.34285 0.923987
 1.02529 -7.33777 0.923987
 1.02544 -7.33269 0.924137
 1.02559 -7.32762 0.924137
 1.02574 -7.32256 0.924287
 1.02589 -7.31749 0.924287
 1.02604 -7.31244 0.924437
 1.02619 -7.30738 0.924437
 1.02634 -7.30233 0.924587
 1.02649 -7.29729 0.924587
 1.02664 -7.29225 0.924737
 1.02679 -7.28721 0.924737
 1.02694 -7.28218 0.924887
 1.02709 -7.27715 0.924887
 1.02724 -7.27213 0.925038
 1.02739 -7.26711 0.925038
 1.02754  -7.2621 0.925188
 1.02769 -7.25709 0.925188
 1.02784 -7.25208 0.925338
 1.02799 -7.24708 0.925338
 1.02814 -7.24208 0.925488
 1.02829 -7.23709 0.925488
 1.02844  -7.2321 0.925638
 1.02859 -7.22712 0.925638
 1.02874 -7.22214 0.925788
 1.02889 -7.21717 0.925788
 1.02904  -7.2122 0.925938
 1.02919 -7.20723 0.925938
 1.02934 -7.20227 0.926088
 1.02949 -7.19732 0.926088
 1.02964 -7.19236 0.926238
 1.02979 -7.18741 0.926388
 1.02994 -7.18247 0.926388
 1.03009 -7.17753 0.926538
 1.03024 -7.17259 0.926538
 1.03039 -7.16766 0.926688
 1.03054 -7.16273 0.926688
 1.03069 -7.15781 0.926838
 1.03084 -7.15289 0.926838
 1.03099 -7.14798 0.926988
 1.03114 -7.14307 0.926988
 1.03129 -7.13816 0.927139
 1.03144 -7.13326 0.927139
 1.03159 -7.12837 0.927289
 1.03174 -7.12347 0.927289
 1.03189 -7.11858 0.927439
 1.03204  -7.1137 0.927439
 1.03219 -7.10882 0.927589
 1.03234 -7.10395 0.927589
 1.03249 -7.09907 0.927739
 1.03264 -7.09421 0.927739
 1.03279 -7.08934 0.927889
 1.03294 -7.08449 0.927889
 1.03309 -7.07963 0.928039
 1.03324 -7.07478 0.928039
 1.03339 -7.06993 0.928189
 1.03354 -7.06509 0.928189
 1.03369 -7.06025 0.928339
 1.03384 -7.05542 0.928339
 1.03399 -7.05059 0.928489
 1.03414 -7.04577 0.928489
 1.03429 -7.04095 0.928639
 1.03444 -7.03613 0.928639
 1.03459 -7.03132 0.928789
 1.03474 -7.02651 0.928789
 1.03489  -7.0217 0.928939
 1.03504 -7.01691  0.92909
 1.03519 -7.01211  0.92909
 1.03534 -7.00732  0.92924
 1.03549 -7.00253  0.92924
 1.03564 -6.99775  0.92939
 1.03579 -6.99297  0.92939
 1.03594 -6.98819  0.92954
 1.03609 -6.98342  0.92954
 1.03624 -6.97866  0.92969
 1.03639 -6.97389  0.92969
 1.03654 -6.96914  0.92984
 1.03669 -6.96438  0.92984
 1.03684 -6.95963  0.92999
 1.03699 -6.95488  0.92999
 1.03714 -6.95014  0.93014
 1.03729  -6.9454  0.93014
 1.03744 -6.94067  0.93029
 1.03759 -6.93594  0.93029
 1.03774 -6.93122  0.93044
 1.03789 -6.92649  0.93044
 1.03804 -6.92178  0.93059
 1.03819 -6.91706  0.93059
 1.03834 -6.91235  0.93074
 1.03849 -6.90765  0.93074
 1.03864 -6.90295  0.93089
 1.03879 -6.89825  0.93089
 1.03894 -6.89356 0.931041
 1.03909 -6.88887 0.931041
 1.03924 -6.88418 0.931191
 1.03939  -6.8795 0.931191
 1.03954 -6.87483 0.931341
 1.03969 -6.87016 0.931341
 1.03984 -6.86548 0.931491
 1.03999 -6.86082 0.931491
 1.04015 -6.85616 0.931641
  1.0403  -6.8515 0.931791
 1.04045 -6.84685 0.931791
  1.0406  -6.8422 0.931941
 1.04075 -6.83756 0.931941
  1.0409 -6.83292 0.932091
 1.04105 -6.82828 0.932091
  1.0412 -6.82365 0.932241
 1.04135 -6.81902 0.932241
  1.0415 -6.81439 0.932391
 1.04165 -6.80977 0.932391
  1.0418 -6.80516 0.932541
 1.04195 -6.80054 0.932541
  1.0421 -6.79594 0.932691
 1.04225 -6.79133 0.932691
  1.0424 -6.78673 0.932841
 1.04255 -6.78213 0.932841
  1.0427 -6.77754 0.932991
 1.04285 -6.77295 0.932991
   1.043 -6.76837 0.933142
 1.04315 -6.76379 0.933142
  1.0433 -6.75921 0.933292
 1.04345 -6.75464 0.933292
  1.0436 -6.75007 0.933442
 1.04375  -6.7455 0.933442
  1.0439 -6.74094 0.933592
 1.04405 -6.73638 0.933592
  1.0442 -6.73183 0.933742
 1.04435 -6.72728 0.933742
  1.0445 -6.72273 0.933892
 1.04465 -6.71819 0.933892
  1.0448 -6.71365 0.934042
 1.04495 -6.70912 0.934042
  1.0451 -6.70459 0.934192
 1.04525 -6.70006 0.934192
  1.0454 -6.69554 0.934342
 1.04555 -6.69102 0.934492
  1.0457 -6.68651 0.934492
 1.04585   -6.682 0.934642
   1.046 -6.67749 0.934642
 1.04615 -6.67299 0.934792
  1.0463 -6.66849 0.934792
 1.04645 -6.66399 0.934942
  1.0466  -6.6595 0.934942
 1.04675 -6.65501 0.935093
  1.0469 -6.65053 0.935093
 1.04705 -6.64605 0.935243
  1.0472 -6.64157 0.935243
 1.04735  -6.6371 0.935393
  1.0475 -6.63263 0.935393
 1.04765 -6.62817 0.935543
  1.0478 -6.62371 0.935543
 1.04795 -6.61925 0.935693
  1.0481  -6.6148 0.935693
 1.04825 -6.61035 0.935843
  1.0484  -6.6059 0.935843
 1.04855 -6.60146 0.935993
  1.0487 -6.59702 0.935993
 1.04885 -6.59259 0.936143
   1.049 -6.58816 0.936143
 1.04915 -6.58373 0.936293
  1.0493 -6.57931 0.936293
 1.04945 -6.57489 0.936443
  1.0496 -6.57047 0.936443
 1.04975 -6.56606 0.936593
  1.0499 -6.56165 0.936593
 1.05005 -6.55725 0.936743
  1.0502 -6.55285 0.936743
 1.05035 -6.54845 0.936893
  1.0505 -6.54406 0.936893
 1.05065 -6.53967 0.937044
  1.0508 -6.53529 0.937194
 1.05095  -6.5309 0.937194
  1.0511 -6.52653 0.937344
 1.05125 -6.52215 0.937344
  1.0514 -6.51778 0.937494
 1.05155 -6.51341 0.937494
  1.0517 -6.50905 0.937644
 1.05185 -6.50469 0.937644
   1.052 -6.50034 0.937794
 1.05215 -6.49598 0.937794
  1.0523 -6.49164 0.937944
 1.05245 -6.48729 0.937944
  1.0526 -6.48295 0.938094
 1.05275 -6.47861 0.938094
  1.0529 -6.47428 0.938244
 1.05305 -6.46995 0.938244
  1.0532 -6.46562 0.938394
 1.05335  -6.4613 0.938394
  1.0535 -6.45698 0.938544
 1.05365 -6.45267 0.938544
  1.0538 -6.44836 0.938694
 1.05395 -6.44405 0.938694
  1.0541 -6.43974 0.938844
 1.05425 -6.43544 0.938844
  1.0544 -6.43115 0.938994
 1.05455 -6.42685 0.938994
  1.0547 -6.42256 0.939145
 1.05485 -6.41828 0.939145
   1.055   -6.414 0.939295
 1.05515 -6.40972 0.939295
  1.0553 -6.40544 0.939445
 1.05545 -6.40117 0.939445
  1.0556  -6.3969 0.939595
 1.05575 -6.39264 0.939595
  1.0559 -6.38838 0.939745
 1.05605 -6.38412 0.939895
  1.0562 -6.37987 0.939895
 1.05635 -6.37562 0.940045
  1.0565 -6.37137 0.940045
 1.05665 -6.36713 0.940195
  1.0568 -6.36289 0.940195
 1.05695 -6.35866 0.940345
  1.0571 -6.35442 0.940345
 1.05725  -6.3502 0.940495
  1.0574 -6.34597 0.940495
 1.05755 -6.34175 0.940645
  1.0577 -6.33753 0.940645
 1.05785 -6.33332 0.940795
   1.058 -6.32911 0.940795
 1.05815  -6.3249 0.940945
  1.0583  -6.3207 0.940945
 1.05845  -6.3165 0.941096
  1.0586  -6.3123 0.941096
 1.05875 -6.30811 0.941246
  1.0589 -6.30392 0.941246
 1.05905 -6.29973 0.941396
  1.0592 -6.29555 0.941396
 1.05935 -6.29137 0.941546
  1.0595  -6.2872 0.941546
 1.05965 -6.28303 0.941696
  1.0598 -6.27886 0.941696
 1.05995 -6.27469 0.941846
 1.06011 -6.27053 0.941846
 1.06026 -6.26638 0.941996
 1.06041 -6.26222 0.941996
 1.06056 -6.25807 0.942146
 1.06071 -6.25392 0.942146
 1.06086 -6.24978 0.942296
 1.06101 -6.24564 0.942296
 1.06116  -6.2415 0.942446
 1.06131 -6.23737 0.942446
 1.06146 -6.23324 0.942596
 1.06161 -6.22912 0.942746
 1.06176 -6.22499 0.942746
 1.06191 -6.22087 0.942896
 1.06206 -6.21676 0.942896
 1.06221 -6.21265 0.943047
 1.06236 -6.20854 0.943047
 1.06251 -6.20443 0.943197
 1.06266 -6.20033 0.943197
 1.06281 -6.19623 0.943347
 1.06296 -6.19214 0.943347
 1.06311 -6.18804 0.943497
 1.06326 -6.18396 0.943497
 1.06341 -6.17987 0.943647
 1.06356 -6.17579 0.943647
 1.06371 -6.17171 0.943797
 1.06386 -6.16764 0.943797
 1.06401 -6.16357 0.943947
 1.06416  -6.1595 0.943947
 1.06431 -6.15543 0.944097
 1.06446 -6.15137 0.944097
 1.06461 -6.14732 0.944247
 1.06476 -6.14326 0.944247
 1.06491 -6.13921 0.944397
 1.06506 -6.13517 0.944397
 1.06521 -6.13112 0.944547
 1.06536 -6.12708 0.944547
 1.06551 -6.12304 0.944697
 1.06566 -6.11901 0.944697
 1.06581 -6.11498 0.944847
 1.06596 -6.11095 0.944847
 1.06611 -6.10693 0.944997
 1.06626 -6.10291 0.944997
 1.06641 -6.09889 0.945148
 1.06656 -6.09488 0.945148
 1.06671 -6.09087 0.945298
 1.06686 -6.08686 0.945448
 1.06701 -6.08286 0.945448
 1.06716 -6.07886 0.945598
 1.06731 -6.07486 0.945598
 1.06746 -6.07087 0.945748
 1.06761 -6.06688 0.945748
 1.06776 -6.06289 0.945898
 1.06791 -6.05891 0.945898
 1.06806 -6.05493 0.946048
 1.06821 -6.05095 0.946048
 1.06836 -6.04698 0.946198
 1.06851 -6.04301 0.946198
 1.06866 -6.03904 0.946348
 1.06881 -6.03508 0.946348
 1.06896 -6.03112 0.946498
 1.06911 -6.02716 0.946498
 1.06926 -6.02321 0.946648
 1.06941 -6.01925 0.946648
 1.06956 -6.01531 0.946798
 1.06971 -6.01136 0.946798
 1.06986 -6.00742 0.946948
 1.07001 -6.00349 0.946948
 1.07016 -5.99955 0.947099
 1.07031 -5.99562 0.947099
 1.07046 -5.99169 0.947249
 1.07061 -5.98777 0.947249
 1.07076 -5.98385 0.947399
 1.07091 -5.97993 0.947399
 1.07106 -5.97602 0.947549
 1.07121 -5.97211 0.947549
 1.07136  -5.9682 0.947699
 1.07151 -5.96429 0.947699
 1.07166 -5.96039 0.947849
 1.07181 -5.95649 0.947849
 1.07196  -5.9526 0.947999
 1.07211 -5.94871 0.947999
 1.07226 -5.94482 0.948149
 1.07241 -5.94093 0.948299
 1.07256 -5.93705 0.948299
 1.07271 -5.93317 0.948449
 1.07286  -5.9293 0.948449
 1.07301 -5.92543 0.948599
 1.07316 -5.92156 0.948599
 1.07331 -5.91769 0.948749
 1.07346 -5.91383 0.948749
 1.07361 -5.90997 0.948899
 1.07376 -5.90611 0.948899
 1.07391 -5.90226  0.94905
 1.07406 -5.89841  0.94905
 1.07421 -5.89456   0.9492
 1.07436 -5.89072   0.9492
 1.07451 -5.88688  0.94935
 1.07466 -5.88304  0.94935
 1.07481 -5.87921   0.9495
 1.07496 -5.87538   0.9495
 1.07511 -5.87155  0.94965
 1.07526 -5.86772  0.94965
 1.07541  -5.8639   0.9498
 1.07556 -5.86008   0.9498
 1.07571 -5.85627  0.94995
 1.07586 -5.85246  0.94995
 1.07601 -5.84865   0.9501
 1.07616 -5.84484   0.9501
 1.07631 -5.84104  0.95025
 1.07646 -5.83724  0.95025
 1.07661 -5.83344   0.9504
 1.07676 -5.82965   0.9504
 1.07691 -5.82586  0.95055
 1.07706 -5.82208  0.95055
 1.07721 -5.81829   0.9507
 1.07736 -5.81451   0.9507
 1.07751 -5.81073  0.95085
 1.07766 -5.80696  0.95085
 1.07781 -5.80319 0.951001
 1.07796 -5.79942 0.951151
 1.07811 -5.79565 0.951151
 1.07826 -5.79189 0.951301
 1.07841 -5.78813 0.951301
 1.07856 -5.78438 0.951451
 1.07871 -5.78063 0.951451
 1.07886 -5.77688 0.951601
 1.07901 -5.77313 0.951601
 1.07916 -5.76939 0.951751
 1.07931 -5.76565 0.951751
 1.07946 -5.76191 0.951901
 1.07961 -5.75818 0.951901
 1.07976 -5.75445 0.952051
 1.07991 -5.75072 0.952051
 1.08007 -5.74699 0.952201
 1.08022 -5.74327 0.952201
 1.08037 -5.73955 0.952351
 1.08052 -5.73584 0.952351
 1.08067 -5.73212 0.952501
 1.08082 -5.72841 0.952501
 1.08097 -5.72471 0.952651
 1.08112   -5.721 0.952651
 1.08127  -5.7173 0.952801
 1.08142 -5.71361 0.952801
 1.08157 -5.70991 0.952951
 1.08172 -5.70622 0.952951
 1.08187 -5.70253 0.953102
 1.08202 -5.69885 0.953102
 1.08217 -5.69516 0.953252
 1.08232 -5.69149 0.953252
 1.08247 -5.68781 0.953402
 1.08262 -5.68414 0.953402
 1.08277 -5.68047 0.953552
 1.08292  -5.6768 0.953552
 1.08307 -5.67313 0.953702
 1.08322 -5.66947 0.953702
 1.08337 -5.66581 0.953852
 1.08352 -5.66216 0.954002
 1.08367 -5.65851 0.954002
 1.08382 -5.65486 0.954152
 1.08397 -5.65121 0.954152
 1.08412 -5.64757 0.954302
 1.08427 -5.64393 0.954302
 1.08442 -5.64029 0.954452
 1.08457 -5.63666 0.954452
 1.08472 -5.63303 0.954602
 1.08487  -5.6294 0.954602
 1.08502 -5.62577 0.954752
 1.08517 -5.62215 0.954752
 1.08532 -5.61853 0.954902
 1.08547 -5.61491 0.954902
 1.08562  -5.6113 0.955053
 1.08577 -5.60769 0.955053
 1.08592 -5.60408 0.955203
 1.08607 -5.60048 0.955203
 1.08622 -5.59688 0.955353
 1.08637 -5.59328 0.955353
 1.08652 -5.58968 0.955503
 1.08667 -5.58609 0.955503
 1.08682  -5.5825 0.955653
 1.08697 -5.57891 0.955653
 1.08712 -5.57533 0.955803
 1.08727 -5.57175 0.955803
 1.08742 -5.56817 0.955953
 1.08757 -5.56459 0.955953
 1.08772 -5.56102 0.956103
 1.08787 -5.55745 0.956103
 1.08802 -5.55388 0.956253
 1.08817 -5.55032 0.956253
 1.08832 -5.54676 0.956403
 1.08847  -5.5432 0.956403
 1.08862 -5.53965 0.956553
 1.08877 -5.53609 0.956553
 1.08892 -5.53254 0.956703
 1.08907   -5.529 0.956853
 1.08922 -5.52545 0.956853
 1.08937 -5.52191 0.957004
 1.08952 -5.51838 0.957004
 1.08967 -5.51484 0.957154
 1.08982 -5.51131 0.957154
 1.08997 -5.50778 0.957304
 1.09012 -5.50425 0.957304
 1.09027 -5.50073 0.957454
 1.09042 -5.49721 0.957454
 1.09057 -5.49369 0.957604
 1.09072 -5.49018 0.957604
 1.09087 -5.48667 0.957754
 1.09102 -5.48316 0.957754
 1.09117 -5.47965 0.957904
 1.09132 -5.47615 0.957904
 1.09147 -5.47265 0.958054
 1.09162 -5.46915 0.958054
 1.09177 -5.46565 0.958204
 1.09192 -5.46216 0.958204
 1.09207 -5.45867 0.958354
 1.09222 -5.45519 0.958354
 1.09237  -5.4517 0.958504
 1.09252 -5.44822 0.958504
 1.09267 -5.44474 0.958654
 1.09282 -5.44127 0.958654
 1.09297  -5.4378 0.958804
 1.09312 -5.43433 0.958804
 1.09327 -5.43086 0.958954
 1.09342  -5.4274 0.958954
 1.09357 -5.42394 0.959105
 1.09372 -5.42048 0.959105
 1.09387 -5.41702 0.959255
 1.09402 -5.41357 0.959255
 1.09417 -5.41012 0.959405
 1.09432 -5.40667 0.959405
 1.09447 -5.40323 0.959555
 1.09462 -5.39979 0.959705
 1.09477 -5.39635 0.959705
 1.09492 -5.39291 0.959855
 1.09507 -5.38948 0.959855
 1.09522 -5.38605 0.960005
 1.09537 -5.38262 0.960005
 1.09552  -5.3792 0.960155
 1.09567 -5.37577 0.960155
 1.09582 -5.37236 0.960305
 1.09597 -5.36894 0.960305
 1.09612 -5.36553 0.960455
 1.09627 -5.36211 0.960455
 1.09642 -5.35871 0.960605
 1.09657  -5.3553 0.960605
 1.09672  -5.3519 0.960755
 1.09687  -5.3485 0.960755
 1.09702  -5.3451 0.960905
 1.09717 -5.34171 0.960905
 1.09732 -5.33831 0.961056
 1.09747 -5.33493 0.961056
 1.09762 -5.33154 0.961206
 1.09777 -5.32816 0.961206
 1.09792 -5.32477 0.961356
 1.09807  -5.3214 0.961356
 1.09822 -5.31802 0.961506
 1.09837 -5.31465 0.961506
 1.09852 -5.31128 0.961656
 1.09867 -5.30791 0.961656
 1.09882 -5.30455 0.961806
 1.09897 -5.30118 0.961806
 1.09912 -5.29782 0.961956
 1.09927 -5.29447 0.961956
 1.09942 -5.29111 0.962106
 1.09957 -5.28776 0.962106
 1.09972 -5.28442 0.962256
 1.09987 -5.28107 0.962256
 1.10003 -5.27773 0.962406
 1.10018 -5.27439 0.962406
 1.10033 -5.27105 0.962556
 1.10048 -5.26771 0.962706
 1.10063 -5.26438 0.962706
 1.10078 -5.26105 0.962856
 1.10093 -5.25773 0.962856
 1.10108  -5.2544 0.963007
 1.10123 -5.25108 0.963007
 1.10138 -5.24776 0.963157
 1.10153 -5.24444 0.963157
 1.10168 -5.24113 0.963307
 1.10183 -5.23782 0.963307
 1.10198 -5.23451 0.963457
 1.10213 -5.23121 0.963457
 1.10228  -5.2279 0.963607
 1.10243  -5.2246 0.963607
 1.10258 -5.22131 0.963757
 1.10273 -5.21801 0.963757
 1.10288 -5.21472 0.963907
 1.10303 -5.21143 0.963907
 1.10318 -5.20814 0.964057
 1.10333 -5.20486 0.964057
 1.10348 -5.20157 0.964207
 1.10363  -5.1983 0.964207
 1.10378 -5.19502 0.964357
 1.10393 -5.19174 0.964357
 1.10408 -5.18847 0.964507
 1.10423  -5.1852 0.964507
 1.10438 -5.18194 0.964657
 1.10453 -5.17868 0.964657
 1.10468 -5.17541 0.964807
 1.10483 -5.17216 0.964807
 1.10498  -5.1689 0.964957
 1.10513 -5.16565 0.964957
 1.10528  -5.1624 0.965108
 1.10543 -5.15915 0.965108
 1.10558  -5.1559 0.965258
 1.10573 -5.15266 0.965258
 1.10588 -5.14942 0.965408
 1.10603 -5.14618 0.965558
 1.10618 -5.14295 0.965558
 1.10633 -5.13972 0.965708
 1.10648 -5.13649 0.965708
 1.10663 -5.13326 0.965858
 1.10678 -5.13003 0.965858
 1.10693 -5.12681 0.966008
 1.10708 -5.12359 0.966008
 1.10723 -5.12038 0.966158
 1.10738 -5.11716 0.966158
 1.10753 -5.11395 0.966308
 1.10768 -5.11074 0.966308
 1.10783 -5.10753 0.966458
 1.10798 -5.10433 0.966458
 1.10813 -5.10113 0.966608
 1.10828 -5.09793 0.966608
 1.10843 -5.09473 0.966758
 1.10858 -5.09154 0.966758
 1.10873 -5.08835 0.966908
 1.10888 -5.08516 0.966908
 1.10903 -5.08197 0.967059
 1.10918 -5.07879 0.967059
 1.10933 -5.07561 0.967209
 1.10948 -5.07243 0.967209
 1.10963 -5.06925 0.967359
 1.10978 -5.06608 0.967359
 1.10993 -5.06291 0.967509
 1.11008 -5.05974 0.967509
 1.11023 -5.05657 0.967659
 1.11038 -5.05341 0.967659
 1.11053 -5.05025 0.967809
 1.11068 -5.04709 0.967809
 1.11083 -5.04393 0.967959
 1.11098 -5.04078 0.967959
 1.11113 -5.03763 0.968109
 1.11128 -5.03448 0.968109
 1.11143 -5.03133 0.968259
 1.11158 -5.02819 0.968259
 1.11173 -5.02505 0.968409
 1.11188 -5.02191 0.968559
 1.11203 -5.01877 0.968559
 1.11218 -5.01564 0.968709
 1.11233 -5.01251 0.968709
 1.11248 -5.00938 0.968859
 1.11263 -5.00625 0.968859
 1.11278 -5.00313  0.96901
 1.11293 -5.00001  0.96901
 1.11308 -4.99689  0.96916
 1.11323 -4.99377  0.96916
 1.11338 -4.99066  0.96931
 1.11353 -4.98755  0.96931
 1.11368 -4.98444  0.96946
 1.11383 -4.98133  0.96946
 1.11398 -4.97823  0.96961
 1.11413 -4.97513  0.96961
 1.11428 -4.97203  0.96976
 1.11443 -4.96893  0.96976
 1.11458 -4.96584  0.96991
 1.11473 -4.96275  0.96991
 1.11488 -4.95966  0.97006
 1.11503 -4.95657  0.97006
 1.11518 -4.95349  0.97021
 1.11533  -4.9504  0.97021
 1.11548 -4.94732  0.97036
 1.11563 -4.94425  0.97036
 1.11578 -4.94117  0.97051
 1.11593  -4.9381  0.97051
 1.11608 -4.93503  0.97066
 1.11623 -4.93196  0.97066
 1.11638  -4.9289  0.97081
 1.11653 -4.92584  0.97081
 1.11668 -4.92278  0.97096
 1.11683 -4.91972  0.97096
 1.11698 -4.91666 0.971111
 1.11713 -4.91361 0.971111
 1.11728 -4.91056 0.971261
 1.11743 -4.90751 0.971261
 1.11758 -4.90446 0.971411
 1.11773 -4.90142 0.971561
 1.11788 -4.89838 0.971561
 1.11803 -4.89534 0.971711
 1.11818 -4.89231 0.971711
 1.11833 -4.88927 0.971861
 1.11848 -4.88624 0.971861
 1.11863 -4.88321 0.972011
 1.11878 -4.88019 0.972011
 1.11893 -4.87716 0.972161
 1.11908 -4.87414 0.972161
 1.11923 -4.87112 0.972311
 1.11938  -4.8681 0.972311
 1.11953 -4.86509 0.972461
 1.11968 -4.86208 0.972461
 1.11983 -4.85907 0.972611
 1.11998 -4.85606 0.972611
 1.12014 -4.85305 0.972761
 1.12029 -4.85005 0.972761
 1.12044 -4.84705 0.972911
 1.12059 -4.84405 0.972911
 1.12074 -4.84106 0.973062
 1.12089 -4.83806 0.973062
 1.12104 -4.83507 0.973212
 1.12119 -4.83208 0.973212
 1.12134  -4.8291 0.973362
 1.12149 -4.82611 0.973362
 1.12164 -4.82313 0.973512
 1.12179 -4.82015 0.973512
 1.12194 -4.81717 0.973662
 1.12209  -4.8142 0.973662
 1.12224 -4.81123 0.973812
 1.12239 -4.80826 0.973812
 1.12254 -4.80529 0.973962
 1.12269 -4.80232 0.973962
 1.12284 -4.79936 0.974112
 1.12299  -4.7964 0.974112
 1.12314 -4.79344 0.974262
 1.12329 -4.79049 0.974262
 1.12344 -4.78753 0.974412
 1.12359 -4.78458 0.974562
 1.12374 -4.78163 0.974562
 1.12389 -4.77868 0.974712
 1.12404 -4.77574 0.974712
 1.12419  -4.7728 0.974862
 1.12434 -4.76986 0.974862
 1.12449 -4.76692 0.975013
 1.12464 -4.76398 0.975013
 1.12479 -4.76105 0.975163
 1.12494 -4.75812 0.975163
 1.12509 -4.75519 0.975313
 1.12524 -4.75227 0.975313
 1.12539 -4.74934 0.975463
 1.12554 -4.74642 0.975463
 1.12569  -4.7435 0.975613
 1.12584 -4.74058 0.975613
 1.12599 -4.73767 0.975763
 1.12614 -4.73476 0.975763
 1.12629 -4.73185 0.975913
 1.12644 -4.72894 0.975913
 1.12659 -4.72603 0.976063
 1.12674 -4.72313 0.976063
 1.12689 -4.72023 0.976213
 1.12704 -4.71733 0.976213
 1.12719 -4.71443 0.976363
 1.12734 -4.71154 0.976363
 1.12749 -4.70865 0.976513
 1.12764 -4.70576 0.976513
 1.12779 -4.70287 0.976663
 1.12794 -4.69998 0.976663
 1.12809  -4.6971 0.976813
 1.12824 -4.69422 0.976813
 1.12839 -4.69134 0.976963
 1.12854 -4.68846 0.976963
 1.12869 -4.68559 0.977114
 1.12884 -4.68272 0.977114
 1.12899 -4.67985 0.977264
 1.12914 -4.67698 0.977264
 1.12929 -4.67411 0.977414
 1.12944 -4.67125 0.977564
 1.12959 -4.66839 0.977564
 1.12974 -4.66553 0.977714
 1.12989 -4.66268 0.977714
 1.13004 -4.65982 0.977864
 1.13019 -4.65697 0.977864
 1.13034 -4.65412 0.978014
 1.13049 -4.65127 0.978014
 1.13064 -4.64843 0.978164
 1.13079 -4.64558 0.978164
 1.13094 -4.64274 0.978314
 1.13109  -4.6399 0.978314
 1.13124 -4.63707 0.978464
 1.13139 -4.63423 0.978464
 1.13154  -4.6314 0.978614
 1.13169 -4.62857 0.978614
 1.13184 -4.62574 0.978764
 1.13199 -4.62292 0.978764
 1.13214  -4.6201 0.978914
 1.13229 -4.61727 0.978914
 1.13244 -4.61446 0.979065
 1.13259 -4.61164 0.979065
 1.13274 -4.60882 0.979215
 1.13289 -4.60601 0.979215
 1.13304  -4.6032 0.979365
 1.13319 -4.60039 0.979365
 1.13334 -4.59759 0.979515
 1.13349 -4.59478 0.979515
 1.13364 -4.59198 0.979665
 1.13379 -4.58918 0.979665
 1.13394 -4.58639 0.979815
 1.13409 -4.58359 0.979815
 1.13424  -4.5808 0.979965
 1.13439 -4.57801 0.979965
 1.13454 -4.57522 0.980115
 1.13469 -4.57243 0.980115
 1.13484 -4.56965 0.980265
 1.13499 -4.56687 0.980265
 1.13514 -4.56409 0.980415
 1.13529 -4.56131 0.980415
 1.13544 -4.55853 0.980565
 1.13559 -4.55576 0.980715
 1.13574 -4.55299 0.980715
 1.13589 -4.55022 0.980865
 1.13604 -4.54745 0.980865
 1.13619 -4.54469 0.981016
 1.13634 -4.54193 0.981016
 1.13649 -4.53917 0.981166
 1.13664 -4.53641 0.981166
 1.13679 -4.53365 0.981316
 1.13694  -4.5309 0.981316
 1.13709 -4.52814 0.981466
 1.13724 -4.52539 0.981466
 1.13739 -4.52265 0.981616
 1.13754  -4.5199 0.981616
 1.13769 -4.51716 0.981766
 1.13784 -4.51441 0.981766
 1.13799 -4.51168 0.981916
 1.13814 -4.50894 0.981916
 1.13829  -4.5062 0.982066
 1.13844 -4.50347 0.982066
 1.13859 -4.50074 0.982216
 1.13874 -4.49801 0.982216
 1.13889 -4.49528 0.982366
 1.13904 -4.49256 0.982366
 1.13919 -4.48984 0.982516
 1.13934 -4.48712 0.982516
 1.13949  -4.4844 0.982666
 1.13964 -4.48168 0.982666
 1.13979 -4.47897 0.982816
 1.13994 -4.47625 0.982816
  1.1401 -4.47354 0.982966
 1.14025 -4.47084 0.982966
  1.1404 -4.46813 0.983117
 1.14055 -4.46543 0.983117
  1.1407 -4.46272 0.983267
 1.14085 -4.46002 0.983267
   1.141 -4.45733 0.983417
 1.14115 -4.45463 0.983417
  1.1413 -4.45194 0.983567
 1.14145 -4.44925 0.983717
  1.1416 -4.44656 0.983717
 1.14175 -4.44387 0.983867
  1.1419 -4.44118 0.983867
 1.14205  -4.4385 0.984017
  1.1422 -4.43582 0.984017
 1.14235 -4.43314 0.984167
  1.1425 -4.43046 0.984167
 1.14265 -4.42779 0.984317
  1.1428 -4.42512 0.984317
 1.14295 -4.42245 0.984467
  1.1431 -4.41978 0.984467
 1.14325 -4.41711 0.984617
  1.1434 -4.41445 0.984617
 1.14355 -4.41178 0.984767
  1.1437 -4.40912 0.984767
 1.14385 -4.40646 0.984917
   1.144 -4.40381 0.984917
 1.14415 -4.40115 0.985068
  1.1443  -4.3985 0.985068
 1.14445 -4.39585 0.985218
  1.1446  -4.3932 0.985218
 1.14475 -4.39055 0.985368
  1.1449 -4.38791 0.985368
 1.14505 -4.38527 0.985518
  1.1452 -4.38263 0.985518
 1.14535 -4.37999 0.985668
  1.1455 -4.37735 0.985668
 1.14565 -4.37472 0.985818
  1.1458 -4.37209 0.985818
 1.14595 -4.36946 0.985968
  1.1461 -4.36683 0.985968
 1.14625  -4.3642 0.986118
  1.1464 -4.36158 0.986118
 1.14655 -4.35895 0.986268
  1.1467 -4.35634 0.986268
 1.14685 -4.35372 0.986418
   1.147  -4.3511 0.986418
 1.14715 -4.34849 0.986568
  1.1473 -4.34587 0.986568
 1.14745 -4.34326 0.986718
  1.1476 -4.34066 0.986868
 1.14775 -4.33805 0.986868
  1.1479 -4.33544 0.987019
 1.14805 -4.33284 0.987019
  1.1482 -4.33024 0.987169
 1.14835 -4.32764 0.987169
  1.1485 -4.32505 0.987319
 1.14865 -4.32245 0.987319
  1.1488 -4.31986 0.987469
 1.14895 -4.31727 0.987469
  1.1491 -4.31468 0.987619
 1.14925 -4.31209 0.987619
  1.1494 -4.30951 0.987769
 1.14955 -4.30693 0.987769
  1.1497 -4.30435 0.987919
 1.14985 -4.30177 0.987919
    1.15 -4.29919 0.988069